{
    "name": "16v16 Buttertron",
"version":"1.0",
    "creator":"M3ga",
    "players":[32, 32],

    "planets": [
        {
            "name": "Buttertron",
            "mass": 10000,
            "position_x": 36200,
            "position_y": -200,
            "velocity_x": 0.649290144443512,
            "velocity_y": 117.52244567871094,
            "required_thrust_to_move": 0,
            "starting_planet": true,
            "respawn": false,
            "start_destroyed": false,
            "min_spawn_delay": 0,
            "max_spawn_delay": 0,
            "planet": {
                "seed": 1773208320,
                "radius": 850,
                "heightRange": 0,
                "waterHeight": 0,
                "waterDepth": 100,
                "temperature": 100,
                "metalDensity": 0,
                "metalClusters": 0,
                "metalSpotLimit": -1,
                "biomeScale": 50,
                "biome": "lava",
                "symmetryType": "terrain and CSG",
                "symmetricalMetal": true,
                "symmetricalStarts": false,
                "numArmies": 2,
                "landingZonesPerArmy": 0,
                "landingZoneSize": 50
            },
            "planetCSG": [
                {
                    "spec": "/pa/terrain/lava/brushes/lava_metal_t2_medium_bend.json",
                    "weight": [
                        0,
                        0,
                        0,
                        0
                    ],
                    "proj": "BP_Bend",
                    "op": "BO_Add",
                    "transform": [
                        0.9994701147079468,
                        0.012394895777106285,
                        0.03009728714823723,
                        25.613435745239258,
                        0.025265470147132874,
                        0.2875443994998932,
                        -0.9574340581893921,
                        -814.796875,
                        -0.020521601662039757,
                        0.9576871395111084,
                        0.287078857421875,
                        244.3102569580078
                    ],
                    "scale": [
                        1,
                        1,
                        1
                    ],
                    "rotation": 0.009999999776482582,
                    "position": [
                        25.613433837890625,
                        -814.796875,
                        244.31024169921875
                    ],
                    "height": 851.0214233398438,
                    "weightHard": false,
                    "weightScale": [
                        1,
                        1,
                        1
                    ],
                    "mirrored": false,
                    "twinId": 0,
                    "flooded": false,
                    "pathable": true,
                    "mergeable": false,
                    "no_features": true
                },
                {
                    "spec": "/pa/terrain/lava/brushes/lava_metal_t2_medium_bend.json",
                    "weight": [
                        0,
                        0,
                        0,
                        0
                    ],
                    "proj": "BP_Bend",
                    "op": "BO_Add",
                    "transform": [
                        0.9994701147079468,
                        0.012394895777106285,
                        0.03009728714823723,
                        25.613435745239258,
                        0.025265470147132874,
                        0.2875443994998932,
                        -0.9574340581893921,
                        -814.7968139648438,
                        0.020521601662039757,
                        -0.9576871395111084,
                        -0.287078857421875,
                        -244.3102569580078
                    ],
                    "scale": [
                        1,
                        1,
                        1
                    ],
                    "rotation": 0.009999999776482582,
                    "position": [
                        25.613433837890625,
                        -814.796875,
                        244.31024169921875
                    ],
                    "height": 851.0214233398438,
                    "weightHard": false,
                    "weightScale": [
                        1,
                        1,
                        1
                    ],
                    "mirrored": true,
                    "twinId": 0,
                    "flooded": false,
                    "pathable": true,
                    "mergeable": false,
                    "no_features": true
                },
                {
                    "spec": "/pa/terrain/lava/brushes/lava_metal_t2_medium_bend.json",
                    "weight": [
                        0,
                        0,
                        0,
                        0
                    ],
                    "proj": "BP_Bend",
                    "op": "BO_Add",
                    "transform": [
                        -0.8092829585075378,
                        0.46594804525375366,
                        0.35770586133003235,
                        303.3617858886719,
                        -0.5808518528938293,
                        -0.5439559817314148,
                        -0.6055765151977539,
                        -513.574951171875,
                        -0.08759093284606934,
                        -0.6978569030761719,
                        0.7108611464500427,
                        602.8643188476562
                    ],
                    "scale": [
                        1,
                        1,
                        1
                    ],
                    "rotation": 3.799997091293335,
                    "position": [
                        303.36175537109375,
                        -513.574951171875,
                        602.8643798828125
                    ],
                    "height": 848.0760498046875,
                    "weightHard": false,
                    "weightScale": [
                        1,
                        1,
                        1
                    ],
                    "mirrored": false,
                    "twinId": 0,
                    "flooded": false,
                    "pathable": true,
                    "mergeable": false,
                    "no_features": true
                },
                {
                    "spec": "/pa/terrain/lava/brushes/lava_metal_t2_medium_bend.json",
                    "weight": [
                        0,
                        0,
                        0,
                        0
                    ],
                    "proj": "BP_Bend",
                    "op": "BO_Add",
                    "transform": [
                        -0.8092829585075378,
                        0.46594804525375366,
                        0.35770586133003235,
                        303.3617858886719,
                        -0.5808518528938293,
                        -0.5439559817314148,
                        -0.6055765151977539,
                        -513.574951171875,
                        0.08759093284606934,
                        0.6978569030761719,
                        -0.7108611464500427,
                        -602.8643188476562
                    ],
                    "scale": [
                        1,
                        1,
                        1
                    ],
                    "rotation": 3.799997091293335,
                    "position": [
                        303.36175537109375,
                        -513.574951171875,
                        602.8643798828125
                    ],
                    "height": 848.0760498046875,
                    "weightHard": false,
                    "weightScale": [
                        1,
                        1,
                        1
                    ],
                    "mirrored": true,
                    "twinId": 0,
                    "flooded": false,
                    "pathable": true,
                    "mergeable": false,
                    "no_features": true
                },
                {
                    "spec": "/pa/terrain/metal/brushes/metal_structure_06.json",
                    "weight": [
                        0,
                        0,
                        0,
                        0
                    ],
                    "proj": "BP_Bend",
                    "op": "BO_Add",
                    "transform": [
                        -0.0004043504595756531,
                        -1.438124179840088,
                        -0.15815748274326324,
                        -43.066680908203125,
                        -0.001047154888510704,
                        0.07346700876951218,
                        -3.0959601402282715,
                        -843.0377197265625,
                        1.4399991035461426,
                        -0.0003503933548927307,
                        -0.0022956356406211853,
                        -0.6251073479652405
                    ],
                    "scale": [
                        1.4399995803833008,
                        1.4399995803833008,
                        3.0999979972839355
                    ],
                    "rotation": 1.5199989080429077,
                    "position": [
                        -43.37279510498047,
                        -849.0299072265625,
                        -0.6295700073242188
                    ],
                    "height": 844.1372680664062,
                    "weightHard": false,
                    "weightScale": [
                        1,
                        1,
                        1
                    ],
                    "mirrored": false,
                    "twinId": 0,
                    "flooded": false,
                    "pathable": false,
                    "mergeable": false,
                    "no_features": false
                },
                {
                    "spec": "/pa/terrain/lava/brushes/lava_metal_t2_medium_bend.json",
                    "weight": [
                        0,
                        0,
                        0,
                        0
                    ],
                    "proj": "BP_Bend",
                    "op": "BO_Add",
                    "transform": [
                        0.6888667345046997,
                        -0.1945599615573883,
                        0.6982901692390442,
                        594.2598876953125,
                        0.7245974540710449,
                        0.212088942527771,
                        -0.6557261943817139,
                        -558.0370483398438,
                        -0.020521581172943115,
                        0.957687258720398,
                        0.28707873821258545,
                        244.31015014648438
                    ],
                    "scale": [
                        1,
                        1,
                        1
                    ],
                    "rotation": 0.7953981757164001,
                    "position": [
                        594.2598266601562,
                        -558.0369873046875,
                        244.31024169921875
                    ],
                    "height": 851.0214233398438,
                    "weightHard": false,
                    "weightScale": [
                        1,
                        1,
                        1
                    ],
                    "mirrored": false,
                    "twinId": 0,
                    "flooded": false,
                    "pathable": true,
                    "mergeable": false,
                    "no_features": true
                },
                {
                    "spec": "/pa/terrain/lava/brushes/lava_metal_t2_medium_bend.json",
                    "weight": [
                        0,
                        0,
                        0,
                        0
                    ],
                    "proj": "BP_Bend",
                    "op": "BO_Add",
                    "transform": [
                        0.6888667345046997,
                        -0.1945599615573883,
                        0.6982901692390442,
                        594.2598876953125,
                        0.7245974540710449,
                        0.212088942527771,
                        -0.6557261943817139,
                        -558.0370483398438,
                        0.020521581172943115,
                        -0.957687258720398,
                        -0.28707873821258545,
                        -244.31015014648438
                    ],
                    "scale": [
                        1,
                        1,
                        1
                    ],
                    "rotation": 0.7953981757164001,
                    "position": [
                        594.2598266601562,
                        -558.0369873046875,
                        244.31024169921875
                    ],
                    "height": 851.0214233398438,
                    "weightHard": false,
                    "weightScale": [
                        1,
                        1,
                        1
                    ],
                    "mirrored": true,
                    "twinId": 0,
                    "flooded": false,
                    "pathable": true,
                    "mergeable": false,
                    "no_features": true
                },
                {
                    "spec": "/pa/terrain/lava/brushes/lava_metal_t2_medium_bend.json",
                    "weight": [
                        0,
                        0,
                        0,
                        0
                    ],
                    "proj": "BP_Bend",
                    "op": "BO_Add",
                    "transform": [
                        -0.16152510046958923,
                        0.7141100168228149,
                        0.6811435222625732,
                        577.6614990234375,
                        -0.9829737544059753,
                        -0.05515986680984497,
                        -0.17527103424072266,
                        -148.64317321777344,
                        -0.0875910222530365,
                        -0.6978568434715271,
                        0.7108611464500427,
                        602.8643188476562
                    ],
                    "scale": [
                        1,
                        1,
                        1
                    ],
                    "rotation": 4.585395336151123,
                    "position": [
                        577.6614990234375,
                        -148.64317321777344,
                        602.8643798828125
                    ],
                    "height": 848.0760498046875,
                    "weightHard": false,
                    "weightScale": [
                        1,
                        1,
                        1
                    ],
                    "mirrored": false,
                    "twinId": 0,
                    "flooded": false,
                    "pathable": true,
                    "mergeable": false,
                    "no_features": true
                },
                {
                    "spec": "/pa/terrain/lava/brushes/lava_metal_t2_medium_bend.json",
                    "weight": [
                        0,
                        0,
                        0,
                        0
                    ],
                    "proj": "BP_Bend",
                    "op": "BO_Add",
                    "transform": [
                        -0.16152510046958923,
                        0.7141100168228149,
                        0.6811435222625732,
                        577.6614379882812,
                        -0.9829737544059753,
                        -0.05515986680984497,
                        -0.17527103424072266,
                        -148.64317321777344,
                        0.0875910222530365,
                        0.6978568434715271,
                        -0.7108611464500427,
                        -602.8643188476562
                    ],
                    "scale": [
                        1,
                        1,
                        1
                    ],
                    "rotation": 4.585395336151123,
                    "position": [
                        577.6614990234375,
                        -148.64317321777344,
                        602.8643798828125
                    ],
                    "height": 848.0760498046875,
                    "weightHard": false,
                    "weightScale": [
                        1,
                        1,
                        1
                    ],
                    "mirrored": true,
                    "twinId": 0,
                    "flooded": false,
                    "pathable": true,
                    "mergeable": false,
                    "no_features": true
                },
                {
                    "spec": "/pa/terrain/metal/brushes/metal_structure_06.json",
                    "weight": [
                        0,
                        0,
                        0,
                        0
                    ],
                    "proj": "BP_Bend",
                    "op": "BO_Add",
                    "transform": [
                        0.0004545450210571289,
                        -1.0688563585281372,
                        2.0773401260375977,
                        565.6649780273438,
                        -0.001026242971420288,
                        -0.9649583697319031,
                        -2.301008462905884,
                        -626.5704345703125,
                        1.4399991035461426,
                        -0.0003502964973449707,
                        -0.0022956356406211853,
                        -0.6251073479652405
                    ],
                    "scale": [
                        1.4399995803833008,
                        1.4399995803833008,
                        3.0999979972839355
                    ],
                    "rotation": 2.3053970336914062,
                    "position": [
                        569.6856079101562,
                        -631.0239868164062,
                        -0.6295700073242188
                    ],
                    "height": 844.1372680664062,
                    "weightHard": false,
                    "weightScale": [
                        1,
                        1,
                        1
                    ],
                    "mirrored": false,
                    "twinId": 0,
                    "flooded": false,
                    "pathable": false,
                    "mergeable": false,
                    "no_features": false
                },
                {
                    "spec": "/pa/terrain/lava/brushes/lava_metal_t2_medium_bend.json",
                    "weight": [
                        0,
                        0,
                        0,
                        0
                    ],
                    "proj": "BP_Bend",
                    "op": "BO_Add",
                    "transform": [
                        -0.02526547946035862,
                        -0.2875443994998932,
                        0.9574340581893921,
                        814.796875,
                        0.9994701147079468,
                        0.012394861318171024,
                        0.03009728714823723,
                        25.613435745239258,
                        -0.02052156813442707,
                        0.9576871395111084,
                        0.287078857421875,
                        244.3102569580078
                    ],
                    "scale": [
                        1,
                        1,
                        1
                    ],
                    "rotation": 1.5807963609695435,
                    "position": [
                        814.796875,
                        25.613433837890625,
                        244.31024169921875
                    ],
                    "height": 851.0214233398438,
                    "weightHard": false,
                    "weightScale": [
                        1,
                        1,
                        1
                    ],
                    "mirrored": false,
                    "twinId": 0,
                    "flooded": false,
                    "pathable": true,
                    "mergeable": false,
                    "no_features": true
                },
                {
                    "spec": "/pa/terrain/lava/brushes/lava_metal_t2_medium_bend.json",
                    "weight": [
                        0,
                        0,
                        0,
                        0
                    ],
                    "proj": "BP_Bend",
                    "op": "BO_Add",
                    "transform": [
                        -0.02526547946035862,
                        -0.2875443994998932,
                        0.9574340581893921,
                        814.7968139648438,
                        0.9994701147079468,
                        0.012394861318171024,
                        0.03009728714823723,
                        25.613435745239258,
                        0.02052156813442707,
                        -0.9576871395111084,
                        -0.287078857421875,
                        -244.3102569580078
                    ],
                    "scale": [
                        1,
                        1,
                        1
                    ],
                    "rotation": 1.5807963609695435,
                    "position": [
                        814.796875,
                        25.613433837890625,
                        244.31024169921875
                    ],
                    "height": 851.0214233398438,
                    "weightHard": false,
                    "weightScale": [
                        1,
                        1,
                        1
                    ],
                    "mirrored": true,
                    "twinId": 0,
                    "flooded": false,
                    "pathable": true,
                    "mergeable": false,
                    "no_features": true
                },
                {
                    "spec": "/pa/terrain/lava/brushes/lava_metal_t2_medium_bend.json",
                    "weight": [
                        0,
                        0,
                        0,
                        0
                    ],
                    "proj": "BP_Bend",
                    "op": "BO_Add",
                    "transform": [
                        0.5808518528938293,
                        0.5439560413360596,
                        0.6055765151977539,
                        513.574951171875,
                        -0.8092830181121826,
                        0.4659479856491089,
                        0.35770586133003235,
                        303.3617858886719,
                        -0.08759087324142456,
                        -0.6978569030761719,
                        0.7108611464500427,
                        602.8643188476562
                    ],
                    "scale": [
                        1,
                        1,
                        1
                    ],
                    "rotation": 5.370793342590332,
                    "position": [
                        513.574951171875,
                        303.36175537109375,
                        602.8643798828125
                    ],
                    "height": 848.0760498046875,
                    "weightHard": false,
                    "weightScale": [
                        1,
                        1,
                        1
                    ],
                    "mirrored": false,
                    "twinId": 0,
                    "flooded": false,
                    "pathable": true,
                    "mergeable": false,
                    "no_features": true
                },
                {
                    "spec": "/pa/terrain/lava/brushes/lava_metal_t2_medium_bend.json",
                    "weight": [
                        0,
                        0,
                        0,
                        0
                    ],
                    "proj": "BP_Bend",
                    "op": "BO_Add",
                    "transform": [
                        0.5808518528938293,
                        0.5439560413360596,
                        0.6055765151977539,
                        513.574951171875,
                        -0.8092830181121826,
                        0.4659479856491089,
                        0.35770586133003235,
                        303.3617858886719,
                        0.08759087324142456,
                        0.6978569030761719,
                        -0.7108611464500427,
                        -602.8643188476562
                    ],
                    "scale": [
                        1,
                        1,
                        1
                    ],
                    "rotation": 5.370793342590332,
                    "position": [
                        513.574951171875,
                        303.36175537109375,
                        602.8643798828125
                    ],
                    "height": 848.0760498046875,
                    "weightHard": false,
                    "weightScale": [
                        1,
                        1,
                        1
                    ],
                    "mirrored": true,
                    "twinId": 0,
                    "flooded": false,
                    "pathable": true,
                    "mergeable": false,
                    "no_features": true
                },
                {
                    "spec": "/pa/terrain/metal/brushes/metal_structure_06.json",
                    "weight": [
                        0,
                        0,
                        0,
                        0
                    ],
                    "proj": "BP_Bend",
                    "op": "BO_Add",
                    "transform": [
                        0.0010471513960510492,
                        -0.07346700876951218,
                        3.0959601402282715,
                        843.0377197265625,
                        -0.0004044175148010254,
                        -1.438124179840088,
                        -0.15815748274326324,
                        -43.066680908203125,
                        1.4399991035461426,
                        -0.00035046041011810303,
                        -0.0022956356406211853,
                        -0.6251073479652405
                    ],
                    "scale": [
                        1.4399995803833008,
                        1.4399995803833008,
                        3.0999979972839355
                    ],
                    "rotation": 3.0907952785491943,
                    "position": [
                        849.0299072265625,
                        -43.37279510498047,
                        -0.6295700073242188
                    ],
                    "height": 844.1372680664062,
                    "weightHard": false,
                    "weightScale": [
                        1,
                        1,
                        1
                    ],
                    "mirrored": false,
                    "twinId": 0,
                    "flooded": false,
                    "pathable": false,
                    "mergeable": false,
                    "no_features": false
                },
                {
                    "spec": "/pa/terrain/lava/brushes/lava_metal_t2_medium_bend.json",
                    "weight": [
                        0,
                        0,
                        0,
                        0
                    ],
                    "proj": "BP_Bend",
                    "op": "BO_Add",
                    "transform": [
                        -0.7245974540710449,
                        -0.212088942527771,
                        0.6557261347770691,
                        558.0370483398438,
                        0.6888667345046997,
                        -0.1945599615573883,
                        0.6982901096343994,
                        594.2598876953125,
                        -0.020521581172943115,
                        0.957687258720398,
                        0.28707870841026306,
                        244.31015014648438
                    ],
                    "scale": [
                        1,
                        1,
                        1
                    ],
                    "rotation": 2.366194486618042,
                    "position": [
                        558.0369873046875,
                        594.2598266601562,
                        244.31024169921875
                    ],
                    "height": 851.0214233398438,
                    "weightHard": false,
                    "weightScale": [
                        1,
                        1,
                        1
                    ],
                    "mirrored": false,
                    "twinId": 0,
                    "flooded": false,
                    "pathable": true,
                    "mergeable": false,
                    "no_features": true
                },
                {
                    "spec": "/pa/terrain/lava/brushes/lava_metal_t2_medium_bend.json",
                    "weight": [
                        0,
                        0,
                        0,
                        0
                    ],
                    "proj": "BP_Bend",
                    "op": "BO_Add",
                    "transform": [
                        -0.7245974540710449,
                        -0.212088942527771,
                        0.6557261347770691,
                        558.0370483398438,
                        0.6888667345046997,
                        -0.1945599615573883,
                        0.6982901096343994,
                        594.2598876953125,
                        0.020521581172943115,
                        -0.957687258720398,
                        -0.28707870841026306,
                        -244.31015014648438
                    ],
                    "scale": [
                        1,
                        1,
                        1
                    ],
                    "rotation": 2.366194486618042,
                    "position": [
                        558.0369873046875,
                        594.2598266601562,
                        244.31024169921875
                    ],
                    "height": 851.0214233398438,
                    "weightHard": false,
                    "weightScale": [
                        1,
                        1,
                        1
                    ],
                    "mirrored": true,
                    "twinId": 0,
                    "flooded": false,
                    "pathable": true,
                    "mergeable": false,
                    "no_features": true
                },
                {
                    "spec": "/pa/terrain/lava/brushes/lava_metal_t2_medium_bend.json",
                    "weight": [
                        0,
                        0,
                        0,
                        0
                    ],
                    "proj": "BP_Bend",
                    "op": "BO_Add",
                    "transform": [
                        0.9829737544059753,
                        0.05516017973423004,
                        0.17527103424072266,
                        148.64317321777344,
                        -0.16152530908584595,
                        0.7141100168228149,
                        0.6811435222625732,
                        577.6614990234375,
                        -0.08759080618619919,
                        -0.6978569030761719,
                        0.7108611464500427,
                        602.8643188476562
                    ],
                    "scale": [
                        1,
                        1,
                        1
                    ],
                    "rotation": 6.156191349029541,
                    "position": [
                        148.64317321777344,
                        577.6614990234375,
                        602.8643798828125
                    ],
                    "height": 848.0760498046875,
                    "weightHard": false,
                    "weightScale": [
                        1,
                        1,
                        1
                    ],
                    "mirrored": false,
                    "twinId": 0,
                    "flooded": false,
                    "pathable": true,
                    "mergeable": false,
                    "no_features": true
                },
                {
                    "spec": "/pa/terrain/lava/brushes/lava_metal_t2_medium_bend.json",
                    "weight": [
                        0,
                        0,
                        0,
                        0
                    ],
                    "proj": "BP_Bend",
                    "op": "BO_Add",
                    "transform": [
                        0.9829737544059753,
                        0.05516017973423004,
                        0.17527103424072266,
                        148.64317321777344,
                        -0.16152530908584595,
                        0.7141100168228149,
                        0.6811435222625732,
                        577.6614379882812,
                        0.08759080618619919,
                        0.6978569030761719,
                        -0.7108611464500427,
                        -602.8643188476562
                    ],
                    "scale": [
                        1,
                        1,
                        1
                    ],
                    "rotation": 6.156191349029541,
                    "position": [
                        148.64317321777344,
                        577.6614990234375,
                        602.8643798828125
                    ],
                    "height": 848.0760498046875,
                    "weightHard": false,
                    "weightScale": [
                        1,
                        1,
                        1
                    ],
                    "mirrored": true,
                    "twinId": 0,
                    "flooded": false,
                    "pathable": true,
                    "mergeable": false,
                    "no_features": true
                },
                {
                    "spec": "/pa/terrain/metal/brushes/metal_structure_06.json",
                    "weight": [
                        0,
                        0,
                        0,
                        0
                    ],
                    "proj": "BP_Bend",
                    "op": "BO_Add",
                    "transform": [
                        0.0010261833667755127,
                        0.9649583101272583,
                        2.301008462905884,
                        626.5704345703125,
                        0.0004546046257019043,
                        -1.0688563585281372,
                        2.0773401260375977,
                        565.6649780273438,
                        1.4399991035461426,
                        -0.0003501772880554199,
                        -0.0022956356406211853,
                        -0.6251073479652405
                    ],
                    "scale": [
                        1.4399995803833008,
                        1.4399995803833008,
                        3.0999979972839355
                    ],
                    "rotation": 3.8761932849884033,
                    "position": [
                        631.0239868164062,
                        569.6856079101562,
                        -0.6295700073242188
                    ],
                    "height": 844.1372680664062,
                    "weightHard": false,
                    "weightScale": [
                        1,
                        1,
                        1
                    ],
                    "mirrored": false,
                    "twinId": 0,
                    "flooded": false,
                    "pathable": false,
                    "mergeable": false,
                    "no_features": false
                },
                {
                    "spec": "/pa/terrain/lava/brushes/lava_metal_t2_medium_bend.json",
                    "weight": [
                        0,
                        0,
                        0,
                        0
                    ],
                    "proj": "BP_Bend",
                    "op": "BO_Add",
                    "transform": [
                        -0.9994701147079468,
                        -0.012394817546010017,
                        -0.03009728528559208,
                        -25.613435745239258,
                        -0.025265492498874664,
                        -0.2875443994998932,
                        0.9574339985847473,
                        814.796875,
                        -0.02052152529358864,
                        0.9576871395111084,
                        0.2870788276195526,
                        244.3102569580078
                    ],
                    "scale": [
                        1,
                        1,
                        1
                    ],
                    "rotation": 3.15159273147583,
                    "position": [
                        -25.613433837890625,
                        814.796875,
                        244.31024169921875
                    ],
                    "height": 851.0214233398438,
                    "weightHard": false,
                    "weightScale": [
                        1,
                        1,
                        1
                    ],
                    "mirrored": false,
                    "twinId": 0,
                    "flooded": false,
                    "pathable": true,
                    "mergeable": false,
                    "no_features": true
                },
                {
                    "spec": "/pa/terrain/lava/brushes/lava_metal_t2_medium_bend.json",
                    "weight": [
                        0,
                        0,
                        0,
                        0
                    ],
                    "proj": "BP_Bend",
                    "op": "BO_Add",
                    "transform": [
                        -0.9994701147079468,
                        -0.012394817546010017,
                        -0.03009728528559208,
                        -25.613435745239258,
                        -0.025265492498874664,
                        -0.2875443994998932,
                        0.9574339985847473,
                        814.7968139648438,
                        0.02052152529358864,
                        -0.9576871395111084,
                        -0.2870788276195526,
                        -244.3102569580078
                    ],
                    "scale": [
                        1,
                        1,
                        1
                    ],
                    "rotation": 3.15159273147583,
