{
    "name": "5v5 Zorkon-12",
"version":"1.0",
    "creator":"M3ga",
    "players":[10, 10],

    "planets": [
        {
            "name": "Zorkon-12",
            "mass": 35000,
            "position_x": 19300,
            "position_y": 500,
            "velocity_x": -4.167745590209961,
            "velocity_y": 160.8747100830078,
            "required_thrust_to_move": 0,
            "starting_planet": true,
            "respawn": false,
            "start_destroyed": false,
            "min_spawn_delay": 0,
            "max_spawn_delay": 0,
            "planet": {
                "seed": 83956424,
                "radius": 500,
                "heightRange": 0,
                "waterHeight": 0,
                "waterDepth": 100,
                "temperature": 50,
                "metalDensity": 0,
                "metalClusters": 0,
                "metalSpotLimit": -1,
                "biomeScale": 50,
                "biome": "metal",
                "symmetryType": "terrain and CSG",
                "symmetricalMetal": false,
                "symmetricalStarts": false,
                "numArmies": 2,
                "landingZonesPerArmy": 0,
                "landingZoneSize": 50
            },
            "planetCSG": [
                {
                    "spec": "/pa/terrain/metal/brushes/metal_t3_small_2x_1_ramp.json",
                    "weight": [
                        0,
                        0,
                        0,
                        0
                    ],
                    "proj": "BP_LongitudePinch",
                    "op": "BO_Add",
                    "transform": [
                        0.7386778593063354,
                        -0.4864479601383209,
                        -0.46660831570625305,
                        -225.73170471191406,
                        0.6740580797195435,
                        0.5322895050048828,
                        0.5121655464172363,
                        247.77099609375,
                        -0.0007711946964263916,
                        -0.6928465366363525,
                        0.721084713935852,
                        348.840087890625
                    ],
                    "scale": [
                        1,
                        1,
                        1
                    ],
                    "rotation": 0.7399995923042297,
                    "position": [
                        -233.19744873046875,
                        255.96563720703125,
                        360.37744140625
                    ],
                    "height": 483.77130126953125,
                    "weightHard": false,
                    "weightScale": [
                        1,
                        1,
                        1
                    ],
                    "mirrored": false,
                    "twinId": 0,
                    "flooded": false,
                    "pathable": true,
                    "mergeable": false,
                    "no_features": true
                },
                {
                    "spec": "/pa/terrain/metal/brushes/metal_t3_small_2x_1_ramp.json",
                    "weight": [
                        0,
                        0,
                        0,
                        0
                    ],
                    "proj": "BP_LongitudePinch",
                    "op": "BO_Add",
                    "transform": [
                        0.7386778593063354,
                        -0.4864479601383209,
                        -0.46660831570625305,
                        -225.73170471191406,
                        0.6740580797195435,
                        0.5322895050048828,
                        0.5121655464172363,
                        247.77099609375,
                        0.0007711946964263916,
                        0.6928465366363525,
                        -0.721084713935852,
                        -348.8400573730469
                    ],
                    "scale": [
                        1,
                        1,
                        1
                    ],
                    "rotation": 0.7399995923042297,
                    "position": [
                        -233.19744873046875,
                        255.96563720703125,
                        360.37744140625
                    ],
                    "height": 483.77130126953125,
                    "weightHard": false,
                    "weightScale": [
                        1,
                        1,
                        1
                    ],
                    "mirrored": true,
                    "twinId": 0,
                    "flooded": false,
                    "pathable": true,
                    "mergeable": false,
                    "no_features": true
                },
                {
                    "spec": "/pa/terrain/metal/brushes/metal_t3_small_2x_1_ramp.json",
                    "weight": [
                        0,
                        0,
                        0,
                        0
                    ],
                    "proj": "BP_LongitudePinch",
                    "op": "BO_Add",
                    "transform": [
                        -0.4128033220767975,
                        -0.6565581560134888,
                        -0.6312882304191589,
                        -305.3991394042969,
                        0.9108198285102844,
                        -0.29815295338630676,
                        -0.28550300002098083,
                        -138.1181640625,
                        -0.0007711648941040039,
                        -0.692846417427063,
                        0.721084713935852,
                        348.840087890625
                    ],
                    "scale": [
                        1,
                        1,
                        1
                    ],
                    "rotation": 1.9966366291046143,
                    "position": [
                        -315.499755859375,
                        -142.68621826171875,
                        360.37744140625
                    ],
                    "height": 483.77130126953125,
                    "weightHard": false,
                    "weightScale": [
                        1,
                        1,
                        1
                    ],
                    "mirrored": false,
                    "twinId": 0,
                    "flooded": false,
                    "pathable": true,
                    "mergeable": false,
                    "no_features": true
                },
                {
                    "spec": "/pa/terrain/metal/brushes/metal_t3_small_2x_1_ramp.json",
                    "weight": [
                        0,
                        0,
                        0,
                        0
                    ],
                    "proj": "BP_LongitudePinch",
                    "op": "BO_Add",
                    "transform": [
                        -0.4128033220767975,
                        -0.6565581560134888,
                        -0.6312882304191589,
                        -305.3991394042969,
                        0.9108198285102844,
                        -0.29815295338630676,
                        -0.28550300002098083,
                        -138.1181640625,
                        0.0007711648941040039,
                        0.692846417427063,
                        -0.721084713935852,
                        -348.840087890625
                    ],
                    "scale": [
                        1,
                        1,
                        1
                    ],
                    "rotation": 1.9966366291046143,
                    "position": [
                        -315.499755859375,
                        -142.68621826171875,
                        360.37744140625
                    ],
                    "height": 483.77130126953125,
                    "weightHard": false,
                    "weightScale": [
                        1,
                        1,
                        1
                    ],
                    "mirrored": true,
                    "twinId": 0,
                    "flooded": false,
                    "pathable": true,
                    "mergeable": false,
                    "no_features": true
                },
                {
                    "spec": "/pa/terrain/metal/brushes/metal_t3_small_2x_1_ramp.json",
                    "weight": [
                        0,
                        0,
                        0,
                        0
                    ],
                    "proj": "BP_LongitudePinch",
                    "op": "BO_Add",
                    "transform": [
                        -0.9938043355941772,
                        0.08067276328802109,
                        0.07645071297883987,
                        36.98466110229492,
                        -0.11114049702882767,
                        -0.7165581583976746,
                        -0.6886160969734192,
                        -333.1326904296875,
                        -0.0007711797952651978,
                        -0.6928464770317078,
                        0.721084713935852,
                        348.840087890625
                    ],
                    "scale": [
                        1,
                        1,
                        1
                    ],
                    "rotation": 3.2532737255096436,
                    "position": [
                        38.2078742980957,
                        -344.15057373046875,
                        360.37744140625
                    ],
                    "height": 483.77130126953125,
                    "weightHard": false,
                    "weightScale": [
                        1,
                        1,
                        1
                    ],
                    "mirrored": false,
                    "twinId": 0,
                    "flooded": false,
                    "pathable": true,
                    "mergeable": false,
                    "no_features": true
                },
                {
                    "spec": "/pa/terrain/metal/brushes/metal_t3_small_2x_1_ramp.json",
                    "weight": [
                        0,
                        0,
                        0,
                        0
                    ],
                    "proj": "BP_LongitudePinch",
                    "op": "BO_Add",
                    "transform": [
                        -0.9938043355941772,
                        0.08067276328802109,
                        0.07645071297883987,
                        36.98466110229492,
                        -0.11114049702882767,
                        -0.7165581583976746,
                        -0.6886160969734192,
                        -333.1326904296875,
                        0.0007711797952651978,
                        0.6928464770317078,
                        -0.721084713935852,
                        -348.840087890625
                    ],
                    "scale": [
                        1,
                        1,
                        1
                    ],
                    "rotation": 3.2532737255096436,
                    "position": [
                        38.2078742980957,
                        -344.15057373046875,
                        360.37744140625
                    ],
                    "height": 483.77130126953125,
                    "weightHard": false,
                    "weightScale": [
                        1,
                        1,
                        1
                    ],
                    "mirrored": true,
                    "twinId": 0,
                    "flooded": false,
                    "pathable": true,
                    "mergeable": false,
                    "no_features": true
                },
                {
                    "spec": "/pa/terrain/metal/brushes/metal_t3_small_2x_1_ramp.json",
                    "weight": [
                        0,
                        0,
                        0,
                        0
                    ],
                    "proj": "BP_LongitudePinch",
                    "op": "BO_Add",
                    "transform": [
                        -0.2014016956090927,
                        0.7064165472984314,
                        0.6785373687744141,
                        328.25689697265625,
                        -0.9795083999633789,
                        -0.14470450580120087,
                        -0.1400851309299469,
                        -67.7691650390625,
                        -0.0007710307836532593,
                        -0.6928464770317078,
                        0.721084713935852,
                        348.840087890625
                    ],
                    "scale": [
                        1,
                        1,
                        1
                    ],
                    "rotation": 4.509910583496094,
                    "position": [
                        339.113525390625,
                        -70.01052856445312,
                        360.37744140625
                    ],
                    "height": 483.77130126953125,
                    "weightHard": false,
                    "weightScale": [
                        1,
                        1,
                        1
                    ],
                    "mirrored": false,
                    "twinId": 0,
                    "flooded": false,
                    "pathable": true,
                    "mergeable": false,
                    "no_features": true
                },
                {
                    "spec": "/pa/terrain/metal/brushes/metal_t3_small_2x_1_ramp.json",
                    "weight": [
                        0,
                        0,
                        0,
                        0
                    ],
                    "proj": "BP_LongitudePinch",
                    "op": "BO_Add",
                    "transform": [
                        -0.2014016956090927,
                        0.7064165472984314,
                        0.6785373687744141,
                        328.25689697265625,
                        -0.9795083999633789,
                        -0.14470450580120087,
                        -0.1400851309299469,
                        -67.7691650390625,
                        0.0007710307836532593,
                        0.6928464770317078,
                        -0.721084713935852,
                        -348.840087890625
                    ],
                    "scale": [
                        1,
                        1,
                        1
                    ],
                    "rotation": 4.509910583496094,
                    "position": [
                        339.113525390625,
                        -70.01052856445312,
                        360.37744140625
                    ],
                    "height": 483.77130126953125,
                    "weightHard": false,
                    "weightScale": [
                        1,
                        1,
                        1
                    ],
                    "mirrored": true,
                    "twinId": 0,
                    "flooded": false,
                    "pathable": true,
                    "mergeable": false,
                    "no_features": true
                },
                {
                    "spec": "/pa/terrain/metal/brushes/metal_t3_small_2x_1_ramp.json",
                    "weight": [
                        0,
                        0,
                        0,
                        0
                    ],
                    "proj": "BP_LongitudePinch",
                    "op": "BO_Add",
                    "transform": [
                        0.8693313598632812,
                        0.3559168577194214,
                        0.34290847182273865,
                        165.8892822265625,
                        -0.49422910809516907,
                        0.6271259784698486,
                        0.6020386815071106,
                        291.2490234375,
                        -0.0007711052894592285,
                        -0.6928464770317078,
                        0.721084713935852,
                        348.840087890625
                    ],
                    "scale": [
                        1,
                        1,
                        1
                    ],
                    "rotation": 5.766547679901123,
                    "position": [
                        171.3758087158203,
                        300.8816833496094,
                        360.37744140625
                    ],
                    "height": 483.77130126953125,
                    "weightHard": false,
                    "weightScale": [
                        1,
                        1,
                        1
                    ],
                    "mirrored": false,
                    "twinId": 0,
                    "flooded": false,
                    "pathable": true,
                    "mergeable": false,
                    "no_features": true
                },
                {
                    "spec": "/pa/terrain/metal/brushes/metal_t3_small_2x_1_ramp.json",
                    "weight": [
                        0,
                        0,
                        0,
                        0
                    ],
                    "proj": "BP_LongitudePinch",
                    "op": "BO_Add",
                    "transform": [
                        0.8693313598632812,
                        0.3559168577194214,
                        0.34290847182273865,
                        165.8892822265625,
                        -0.49422910809516907,
                        0.6271259784698486,
                        0.6020386815071106,
                        291.2490234375,
                        0.0007711052894592285,
                        0.6928464770317078,
                        -0.721084713935852,
                        -348.840087890625
                    ],
                    "scale": [
                        1,
                        1,
                        1
                    ],
                    "rotation": 5.766547679901123,
                    "position": [
                        171.3758087158203,
                        300.8816833496094,
                        360.37744140625
                    ],
                    "height": 483.77130126953125,
                    "weightHard": false,
                    "weightScale": [
                        1,
                        1,
                        1
                    ],
                    "mirrored": true,
                    "twinId": 0,
                    "flooded": false,
                    "pathable": true,
                    "mergeable": false,
                    "no_features": true
                },
                {
                    "spec": "/pa/terrain/metal/brushes/metal_structure_09.json",
                    "weight": [
                        0,
                        0,
                        0,
                        0
                    ],
                    "proj": "BP_LongitudePinch",
                    "op": "BO_Add",
                    "transform": [
                        0.3430776000022888,
                        0.746042013168335,
                        -0.5707181096076965,
                        -285.3153991699219,
                        -0.4023395776748657,
                        0.6657510995864868,
                        0.6284094452857971,
                        314.15667724609375,
                        0.8487760424613953,
                        0.014029264450073242,
                        0.5285664796829224,
                        264.2428283691406
                    ],
                    "scale": [
                        1,
                        1,
                        1
                    ],
                    "rotation": -0.8499994874000549,
                    "position": [
                        -285.31536865234375,
                        314.1566162109375,
                        264.2428283691406
                    ],
                    "height": 499.92352294921875,
                    "weightHard": false,
                    "weightScale": [
                        1,
                        1,
                        1
                    ],
                    "mirrored": false,
                    "twinId": 0,
                    "flooded": false,
                    "pathable": false,
                    "mergeable": false,
                    "no_features": false
                },
                {
                    "spec": "/pa/terrain/metal/brushes/metal_structure_09.json",
                    "weight": [
                        0,
                        0,
                        0,
                        0
                    ],
                    "proj": "BP_LongitudePinch",
                    "op": "BO_Add",
                    "transform": [
                        0.3430776000022888,
                        0.746042013168335,
                        -0.5707181096076965,
                        -285.3153991699219,
                        -0.4023395776748657,
                        0.6657510995864868,
                        0.6284094452857971,
                        314.15667724609375,
                        -0.8487760424613953,
                        -0.014029264450073242,
                        -0.5285664796829224,
                        -264.2428283691406
                    ],
                    "scale": [
                        1,
                        1,
                        1
                    ],
                    "rotation": -0.8499994874000549,
                    "position": [
                        -285.31536865234375,
                        314.1566162109375,
                        264.2428283691406
                    ],
                    "height": 499.92352294921875,
                    "weightHard": false,
                    "weightScale": [
                        1,
                        1,
                        1
                    ],
                    "mirrored": true,
                    "twinId": 0,
                    "flooded": false,
                    "pathable": false,
                    "mergeable": false,
                    "no_features": false
                },
                {
                    "spec": "/pa/terrain/metal/brushes/metal_structure_09.json",
                    "weight": [
                        0,
                        0,
                        0,
                        0
                    ],
                    "proj": "BP_LongitudePinch",
                    "op": "BO_Add",
                    "transform": [
                        0.4886644780635834,
                        -0.40262728929519653,
                        -0.774014413356781,
                        -386.947998046875,
                        0.20195646584033966,
                        0.9152564406394958,
                        -0.3485959768295288,
                        -174.27133178710938,
                        0.8487759828567505,
                        0.014029264450073242,
                        0.5285665392875671,
                        264.24285888671875
                    ],
                    "scale": [
                        1,
                        1,
                        1
                    ],
                    "rotation": 0.406637579202652,
                    "position": [
                        -386.947998046875,
                        -174.27130126953125,
                        264.2428283691406
                    ],
                    "height": 499.92352294921875,
                    "weightHard": false,
                    "weightScale": [
                        1,
                        1,
                        1
                    ],
                    "mirrored": false,
                    "twinId": 0,
                    "flooded": false,
                    "pathable": false,
                    "mergeable": false,
                    "no_features": false
                },
                {
                    "spec": "/pa/terrain/metal/brushes/metal_structure_09.json",
                    "weight": [
                        0,
                        0,
                        0,
                        0
                    ],
                    "proj": "BP_LongitudePinch",
                    "op": "BO_Add",
                    "transform": [
                        0.4886644780635834,
                        -0.40262728929519653,
                        -0.774014413356781,
                        -386.947998046875,
                        0.20195646584033966,
                        0.9152564406394958,
                        -0.3485959768295288,
                        -174.27134704589844,
                        -0.8487759828567505,
                        -0.014029264450073242,
                        -0.5285665392875671,
                        -264.2428894042969
                    ],
                    "scale": [
                        1,
                        1,
                        1
                    ],
                    "rotation": 0.406637579202652,
                    "position": [
                        -386.947998046875,
                        -174.27130126953125,
                        264.2428283691406
                    ],
                    "height": 499.92352294921875,
                    "weightHard": false,
                    "weightScale": [
                        1,
                        1,
                        1
                    ],
                    "mirrored": true,
                    "twinId": 0,
                    "flooded": false,
                    "pathable": false,
                    "mergeable": false,
                    "no_features": false
                },
                {
                    "spec": "/pa/terrain/metal/brushes/metal_structure_09.json",
                    "weight": [
                        0,
                        0,
                        0,
                        0
                    ],
                    "proj": "BP_LongitudePinch",
                    "op": "BO_Add",
                    "transform": [
                        -0.04106636717915535,
                        -0.9948793649673462,
                        0.09235084801912308,
                        46.16836166381836,
                        0.5271555185317993,
                        -0.10009148716926575,
                        -0.8438535928726196,
                        -421.8622741699219,
                        0.8487760424613953,
                        0.014029256999492645,
                        0.5285664796829224,
                        264.2428283691406
                    ],
                    "scale": [
                        1,
                        1,
                        1
                    ],
                    "rotation": 1.6632746458053589,
                    "position": [
                        46.168357849121094,
                        -421.8622131347656,
                        264.2428283691406
                    ],
                    "height": 499.92352294921875,
                    "weightHard": false,
                    "weightScale": [
                        1,
                        1,
                        1
                    ],
                    "mirrored": false,
                    "twinId": 0,
                    "flooded": false,
                    "pathable": false,
                    "mergeable": false,
                    "no_features": false
                },
                {
                    "spec": "/pa/terrain/metal/brushes/metal_structure_09.json",
                    "weight": [
                        0,
                        0,
                        0,
                        0
                    ],
                    "proj": "BP_LongitudePinch",
                    "op": "BO_Add",
                    "transform": [
                        -0.04106636717915535,
                        -0.9948793649673462,
                        0.09235084801912308,
                        46.16836166381836,
                        0.5271555185317993,
                        -0.10009148716926575,
                        -0.8438535928726196,
                        -421.86224365234375,
                        -0.8487760424613953,
                        -0.014029256999492645,
                        -0.5285664796829224,
                        -264.2428283691406
                    ],
                    "scale": [
                        1,
                        1,
                        1
                    ],
                    "rotation": 1.6632746458053589,
                    "position": [
                        46.168357849121094,
                        -421.8622131347656,
                        264.2428283691406
                    ],
                    "height": 499.92352294921875,
                    "weightHard": false,
                    "weightScale": [
                        1,
                        1,
                        1
                    ],
                    "mirrored": true,
                    "twinId": 0,
                    "flooded": false,
                    "pathable": false,
                    "mergeable": false,
                    "no_features": false
                },
                {
                    "spec": "/pa/terrain/metal/brushes/metal_structure_09.json",
                    "weight": [
                        0,
                        0,
                        0,
                        0
                    ],
                    "proj": "BP_LongitudePinch",
                    "op": "BO_Add",
                    "transform": [
                        -0.5140449404716492,
                        -0.2122420072555542,
                        0.8310903906822205,
                        415.48162841796875,
                        0.12384365499019623,
                        -0.9771164059638977,
                        -0.17293421924114227,
                        -86.4538803100586,
                        0.8487759232521057,
                        0.014029324054718018,
                        0.5285665988922119,
                        264.2428894042969
                    ],
                    "scale": [
                        1,
                        1,
                        1
                    ],
                    "rotation": 2.9199116230010986,
                    "position": [
                        415.4815979003906,
                        -86.45387268066406,
                        264.2428283691406
                    ],
                    "height": 499.92352294921875,
                    "weightHard": false,
                    "weightScale": [
                        1,
                        1,
                        1
                    ],
                    "mirrored": false,
                    "twinId": 0,
                    "flooded": false,
                    "pathable": false,
                    "mergeable": false,
                    "no_features": false
                },
                {
                    "spec": "/pa/terrain/metal/brushes/metal_structure_09.json",
                    "weight": [
                        0,
                        0,
                        0,
                        0
                    ],
                    "proj": "BP_LongitudePinch",
                    "op": "BO_Add",
                    "transform": [
                        -0.5140449404716492,
                        -0.2122420072555542,
                        0.8310903906822205,
                        415.48162841796875,
                        0.12384365499019623,
                        -0.9771164059638977,
                        -0.17293421924114227,
                        -86.4538803100586,
                        -0.8487759232521057,
                        -0.014029324054718018,
                        -0.5285665988922119,
                        -264.2428894042969
                    ],
                    "scale": [
                        1,
                        1,
                        1
                    ],
                    "rotation": 2.9199116230010986,
                    "position": [
                        415.4815979003906,
                        -86.45387268066406,
                        264.2428283691406
                    ],
                    "height": 499.92352294921875,
                    "weightHard": false,
                    "weightScale": [
                        1,
                        1,
                        1
                    ],
                    "mirrored": true,
                    "twinId": 0,
                    "flooded": false,
                    "pathable": false,
                    "mergeable": false,
                    "no_features": false
                },
                {
                    "spec": "/pa/terrain/metal/brushes/metal_structure_09.json",
                    "weight": [
                        0,
                        0,
                        0,
                        0
                    ],
                    "proj": "BP_LongitudePinch",
                    "op": "BO_Add",
                    "transform": [
                        -0.2766306698322296,
                        0.8637065887451172,
                        0.4212912619113922,
                        210.61341857910156,
                        -0.4506160616874695,
                        -0.503799557685852,
                        0.7369743585586548,
                        368.4308166503906,
                        0.8487759828567505,
                        0.014029115438461304,
                        0.5285664796829224,
                        264.2428283691406
                    ],
                    "scale": [
                        1,
                        1,
                        1
                    ],
                    "rotation": 4.176548957824707,
                    "position": [
                        210.6134033203125,
                        368.4307861328125,
                        264.2428283691406
                    ],
                    "height": 499.92352294921875,
                    "weightHard": false,
                    "weightScale": [
                        1,
                        1,
                        1
                    ],
                    "mirrored": false,
                    "twinId": 0,
                    "flooded": false,
                    "pathable": false,
                    "mergeable": false,
                    "no_features": false
                },
                {
                    "spec": "/pa/terrain/metal/brushes/metal_structure_09.json",
                    "weight": [
                        0,
                        0,
                        0,
                        0
                    ],
                    "proj": "BP_LongitudePinch",
                    "op": "BO_Add",
                    "transform": [
                        -0.2766306698322296,
                        0.8637065887451172,
                        0.4212912619113922,
                        210.6134033203125,
                        -0.4506160616874695,
                        -0.503799557685852,
                        0.7369743585586548,
                        368.4308166503906,
                        -0.8487759828567505,
                        -0.014029115438461304,
                        -0.5285664796829224,
                        -264.2428283691406
                    ],
                    "scale": [
                        1,
                        1,
                        1
                    ],
                    "rotation": 4.176548957824707,
                    "position": [
                        210.6134033203125,
                        368.4307861328125,
                        264.2428283691406
                    ],
                    "height": 499.92352294921875,
                    "weightHard": false,
                    "weightScale": [
                        1,
                        1,
                        1
                    ],
                    "mirrored": true,
                    "twinId": 0,
                    "flooded": false,
                    "pathable": false,
                    "mergeable": false,
                    "no_features": false
                },
                {
                    "spec": "/pa/terrain/metal/brushes/metal_t2_medium_4_ramp.json",
                    "weight": [
                        0,
                        0,
                        0,
                        0
                    ],
                    "proj": "BP_LongitudePinch",
                    "op": "BO_Add",
                    "transform": [
                        0.01190245896577835,
                        0.10270123183727264,
                        -0.611319363117218,
                        -492.7735290527344,
                        0.008506245911121368,
                        0.6113473176956177,
                        0.10287158191204071,
                        82.92292785644531,
                        0.6198278069496155,
                        -0.010362021625041962,
                        0.010327305644750595,
                        8.324655532836914
                    ],
                    "scale": [
                        0.6200003623962402,
                        0.6200003623962402,
                        0.6200003623962402
                    ],
                    "rotation": -0.14999999105930328,
                    "position": [
                        -492.7734375,
                        82.92291259765625,
                        8.324724197387695
                    ],
                    "height": 499.7711181640625,
                    "weightHard": false,
                    "weightScale": [
                        1,
                        1,
                        1
                    ],
                    "mirrored": false,
                    "twinId": 0,
                    "flooded": false,
                    "pathable": true,
                    "mergeable": false,
                    "no_features": true
                },
                {
                    "spec": "/pa/terrain/metal/brushes/metal_t2_medium_4_ramp.json",
                    "weight": [
                        0,
                        0,
                        0,
                        0
                    ],
                    "proj": "BP_LongitudePinch",
                    "op": "BO_Add",
                    "transform": [
                        -0.0044118911027908325,
                        -0.5496894121170044,
                        -0.28674474358558655,
                        -231.13978576660156,
                        0.013948552310466766,
                        0.28659138083457947,
                        -0.5496101975440979,
                        -443.0308532714844,
                        0.6198278069496155,
                        -0.01036207377910614,
                        0.01032734289765358,
                        8.324685096740723
                    ],
                    "scale": [
                        0.6200003623962402,
                        0.6200003623962402,
                        0.6200003623962402
