{
    "name": "Nixonia",
    "description":"1vs1",
    "version":"1.0",
    "creator":"Zyroo",
    "players":[2, 2],

    "planets": [
        {
            "name": "Nixonia 1vs1 ",
            "mass": 5000,
            "position_x": 17253.529296875,
            "position_y": -8167.35107421875,
            "velocity_x": 69.2454833984375,
            "velocity_y": 146.28109741210938,
            "required_thrust_to_move": 0,
            "starting_planet": true,
            "respawn": false,
            "start_destroyed": false,
            "min_spawn_delay": 0,
            "max_spawn_delay": 0,
            "planet": {
                "seed": 1368820864,
                "radius": 400,
                "heightRange": 0,
                "waterHeight": 0,
                "waterDepth": 0,
                "temperature": 0,
                "metalDensity": 0,
                "metalClusters": 0,
                "metalSpotLimit": -1,
                "biomeScale": 50,
                "biome": "moon",
                "symmetryType": "terrain and CSG",
                "symmetricalMetal": false,
                "symmetricalStarts": false,
                "numArmies": 2,
                "landingZonesPerArmy": 0,
                "landingZoneSize": 50
            },
            "planetCSG": [
                {
                    "weight": [
                        0,
                        0,
                        0,
                        0
                    ],
                    "spec": "/pa/terrain/metal/brushes/metal_t3_medium_2_ramp.json",
                    "proj": "BP_Bend",
                    "transform": [
                        0.9879897832870483,
                        -0.0001608804741408676,
                        -0.1545192003250122,
                        -61.75374984741211,
                        -0.0001608804741408676,
                        0.9999978542327881,
                        -0.002069829497486353,
                        -0.8272093534469604,
                        0.1545192003250122,
                        0.002069829497486353,
                        0.9879876375198364,
                        394.8502197265625
                    ],
                    "op": "BO_Add",
                    "rotation": 0,
                    "scale": [
                        1,
                        1,
                        1
                    ],
                    "height": 399.6509704589844,
                    "position": [
                        -61.753753662109375,
                        -0.82720947265625,
                        394.8502197265625
                    ],
                    "weightHard": false,
                    "weightScale": [
                        1,
                        1,
                        1
                    ],
                    "mirrored": false,
                    "twinId": 2,
                    "flooded": false,
                    "pathable": true,
                    "mergeable": false,
                    "no_features": true
                },
                {
                    "weight": [
                        0,
                        0,
                        0,
                        0
                    ],
                    "spec": "/pa/terrain/metal/brushes/metal_t3_medium_2_ramp.json",
                    "proj": "BP_Bend",
                    "transform": [
                        0.9879897832870483,
                        -0.0001608804741408676,
                        -0.1545192003250122,
                        -61.753753662109375,
                        -0.0001608804741408676,
                        0.9999978542327881,
                        -0.002069829497486353,
                        -0.8272093534469604,
                        -0.1545192003250122,
                        -0.002069829497486353,
                        -0.9879876375198364,
                        -394.8502502441406
                    ],
                    "op": "BO_Add",
                    "rotation": 0,
                    "scale": [
                        1,
                        1,
                        1
                    ],
                    "height": 399.6509704589844,
                    "position": [
                        -61.753753662109375,
                        -0.82720947265625,
                        394.8502197265625
                    ],
                    "weightHard": false,
                    "weightScale": [
                        1,
                        1,
                        1
                    ],
                    "mirrored": true,
                    "twinId": 2,
                    "flooded": false,
                    "pathable": true,
                    "mergeable": false,
                    "no_features": true
                },
                {
                    "weight": [
                        0,
                        0,
                        0,
                        0
                    ],
                    "spec": "/pa/terrain/metal/brushes/metal_structure_09.json",
                    "proj": "BP_Bend",
                    "transform": [
                        0.9903249144554138,
                        0.05371784046292305,
                        -0.127949059009552,
                        -50.85720443725586,
                        0.05371784046292305,
                        0.7017488479614258,
                        0.7103962898254395,
                        282.3683776855469,
                        0.127949059009552,
                        -0.7103962898254395,
                        0.6920738220214844,
                        275.0855712890625
                    ],
                    "op": "BO_Add",
                    "rotation": 0,
                    "scale": [
                        1,
                        1,
                        1
                    ],
                    "height": 397.4801025390625,
                    "position": [
                        -50.85721206665039,
                        282.368408203125,
                        275.0855712890625
                    ],
                    "weightHard": false,
                    "weightScale": [
                        1,
                        1,
                        1
                    ],
                    "mirrored": false,
                    "twinId": 6,
                    "flooded": false,
                    "pathable": false,
                    "mergeable": false,
                    "no_features": false
                },
                {
                    "weight": [
                        0,
                        0,
                        0,
                        0
                    ],
                    "spec": "/pa/terrain/metal/brushes/metal_structure_09.json",
                    "proj": "BP_Bend",
                    "transform": [
                        0.9903249144554138,
                        0.05371784046292305,
                        -0.127949059009552,
                        -50.85720443725586,
                        0.05371784046292305,
                        0.7017488479614258,
                        0.7103962898254395,
                        282.3683776855469,
                        -0.127949059009552,
                        0.7103962898254395,
                        -0.6920738220214844,
                        -275.0855712890625
                    ],
                    "op": "BO_Add",
                    "rotation": 0,
                    "scale": [
                        1,
                        1,
                        1
                    ],
                    "height": 397.4801025390625,
                    "position": [
                        -50.85721206665039,
                        282.368408203125,
                        275.0855712890625
                    ],
                    "weightHard": false,
                    "weightScale": [
                        1,
                        1,
                        1
                    ],
                    "mirrored": true,
                    "twinId": 6,
                    "flooded": false,
                    "pathable": false,
                    "mergeable": false,
                    "no_features": false
                },
                {
                    "weight": [
                        0,
                        0,
                        0,
                        0
                    ],
                    "spec": "/pa/terrain/metal/brushes/metal_structure_09.json",
                    "proj": "BP_Bend",
                    "transform": [
                        0.9909771084785461,
                        -0.052192267030477524,
                        -0.12345179170370102,
                        -49.582088470458984,
                        -0.052192267030477524,
                        0.6980976462364197,
                        -0.714097797870636,
                        -286.8039245605469,
                        0.12345179170370102,
                        0.714097797870636,
                        0.6890747547149658,
                        276.75390625
                    ],
                    "op": "BO_Add",
                    "rotation": 0,
                    "scale": [
                        1,
                        1,
                        1
                    ],
                    "height": 401.63116455078125,
                    "position": [
                        -49.58207702636719,
                        -286.80389404296875,
                        276.75390625
                    ],
                    "weightHard": false,
                    "weightScale": [
                        1,
                        1,
                        1
                    ],
                    "mirrored": false,
                    "twinId": 7,
                    "flooded": false,
                    "pathable": false,
                    "mergeable": false,
                    "no_features": false
                },
                {
                    "weight": [
                        0,
                        0,
                        0,
                        0
                    ],
                    "spec": "/pa/terrain/metal/brushes/metal_structure_09.json",
                    "proj": "BP_Bend",
                    "transform": [
                        0.9909771084785461,
                        -0.052192267030477524,
                        -0.12345179170370102,
                        -49.582088470458984,
                        -0.052192267030477524,
                        0.6980976462364197,
                        -0.714097797870636,
                        -286.8039245605469,
                        -0.12345179170370102,
                        -0.714097797870636,
                        -0.6890747547149658,
                        -276.75390625
                    ],
                    "op": "BO_Add",
                    "rotation": 0,
                    "scale": [
                        1,
                        1,
                        1
                    ],
                    "height": 401.63116455078125,
                    "position": [
                        -49.58207702636719,
                        -286.80389404296875,
                        276.75390625
                    ],
                    "weightHard": false,
                    "weightScale": [
                        1,
                        1,
                        1
                    ],
                    "mirrored": true,
                    "twinId": 7,
                    "flooded": false,
                    "pathable": false,
                    "mergeable": false,
                    "no_features": false
                },
                {
                    "weight": [
                        0,
                        0,
                        0,
                        0
                    ],
                    "spec": "/pa/terrain/metal/brushes/metal_t3_small_2x_1_ramp.json",
                    "proj": "BP_Bend",
                    "transform": [
                        0.6634252667427063,
                        0.06642097234725952,
                        -0.06599730253219604,
                        -38.9874267578125,
                        0.039655495434999466,
                        0.22848984599113464,
                        0.628585934638977,
                        371.3325500488281,
                        0.08482234925031662,
                        -0.626323401927948,
                        0.22231628000736237,
                        131.33172607421875
                    ],
                    "op": "BO_Add",
                    "rotation": -0.029999999329447746,
                    "scale": [
                        0.6700003147125244,
                        0.6700003147125244,
                        0.6700003147125244
                    ],
                    "height": 395.7978210449219,
                    "position": [
                        -38.98743438720703,
                        371.33258056640625,
                        131.33172607421875
                    ],
                    "weightHard": false,
                    "weightScale": [
                        1,
                        1,
                        1
                    ],
                    "mirrored": false,
                    "twinId": 10,
                    "flooded": false,
                    "pathable": true,
                    "mergeable": false,
                    "no_features": true
                },
                {
                    "weight": [
                        0,
                        0,
                        0,
                        0
                    ],
                    "spec": "/pa/terrain/metal/brushes/metal_t3_small_2x_1_ramp.json",
                    "proj": "BP_Bend",
                    "transform": [
                        0.6634252667427063,
                        0.06642097234725952,
                        -0.06599730253219604,
                        -38.9874267578125,
                        0.039655495434999466,
                        0.22848984599113464,
                        0.628585934638977,
                        371.3325500488281,
                        -0.08482234925031662,
                        0.626323401927948,
                        -0.22231628000736237,
                        -131.33172607421875
                    ],
                    "op": "BO_Add",
                    "rotation": -0.029999999329447746,
                    "scale": [
                        0.6700003147125244,
                        0.6700003147125244,
                        0.6700003147125244
                    ],
                    "height": 395.7978210449219,
                    "position": [
                        -38.98743438720703,
                        371.33258056640625,
                        131.33172607421875
                    ],
                    "weightHard": false,
                    "weightScale": [
                        1,
                        1,
                        1
                    ],
                    "mirrored": true,
                    "twinId": 10,
                    "flooded": false,
                    "pathable": true,
                    "mergeable": false,
                    "no_features": true
                },
                {
                    "weight": [
                        0,
                        0,
                        0,
                        0
                    ],
                    "spec": "/pa/terrain/metal/brushes/metal_t3_small_2x_1_ramp.json",
                    "proj": "BP_Bend",
                    "transform": [
                        0.7651561498641968,
                        0.04873424023389816,
                        -0.07114290446043015,
                        -36.96017074584961,
                        -0.05284960940480232,
                        -0.2369535267353058,
                        -0.7307258248329163,
                        -379.6268005371094,
                        -0.06814145296812057,
                        0.7310117483139038,
                        -0.23211795091629028,
                        -120.58995819091797
                    ],
                    "op": "BO_Add",
                    "rotation": -0.1900000125169754,
                    "scale": [
                        0.7700002193450928,
                        0.7700002193450928,
                        0.7700002193450928
                    ],
                    "height": 400.0306396484375,
                    "position": [
                        -36.960174560546875,
                        -379.6268310546875,
                        -120.5899658203125
                    ],
                    "weightHard": false,
                    "weightScale": [
                        1,
                        1,
                        1
                    ],
                    "mirrored": false,
                    "twinId": 13,
                    "flooded": false,
                    "pathable": true,
                    "mergeable": false,
                    "no_features": true
                },
                {
                    "weight": [
                        0,
                        0,
                        0,
                        0
                    ],
                    "spec": "/pa/terrain/metal/brushes/metal_t3_small_2x_1_ramp.json",
                    "proj": "BP_Bend",
                    "transform": [
                        0.7651561498641968,
                        0.04873424023389816,
                        -0.07114290446043015,
                        -36.96017074584961,
                        -0.05284960940480232,
                        -0.2369535267353058,
                        -0.7307258248329163,
                        -379.6268005371094,
                        0.06814145296812057,
                        -0.7310117483139038,
                        0.23211795091629028,
                        120.58995819091797
                    ],
                    "op": "BO_Add",
                    "rotation": -0.1900000125169754,
                    "scale": [
                        0.7700002193450928,
                        0.7700002193450928,
                        0.7700002193450928
                    ],
                    "height": 400.0306396484375,
                    "position": [
                        -36.960174560546875,
                        -379.6268310546875,
                        -120.5899658203125
                    ],
                    "weightHard": false,
                    "weightScale": [
                        1,
                        1,
                        1
                    ],
                    "mirrored": true,
                    "twinId": 13,
                    "flooded": false,
                    "pathable": true,
                    "mergeable": false,
                    "no_features": true
                },
                {
                    "weight": [
                        0,
                        0,
                        0,
                        0
                    ],
                    "spec": "/pa/terrain/metal/brushes/metal_structure_05.json",
                    "proj": "BP_Bend",
                    "transform": [
                        0.2554721236228943,
                        -0.6805844902992249,
                        -0.6866867542266846,
                        -275.1531982421875,
                        -0.6805844902992249,
                        0.3778671622276306,
                        -0.6277110576629639,
                        -251.52182006835938,
                        0.6866867542266846,
                        0.6277110576629639,
                        -0.3666607141494751,
                        -146.91978454589844
                    ],
                    "op": "BO_Add",
                    "rotation": 0,
                    "scale": [
                        1,
                        1,
                        1
                    ],
                    "height": 400.6968078613281,
                    "position": [
                        -275.1531982421875,
                        -251.52178955078125,
                        -146.9197998046875
                    ],
                    "weightHard": false,
                    "weightScale": [
                        1,
                        1,
                        1
                    ],
                    "mirrored": false,
                    "twinId": 16,
                    "flooded": false,
                    "pathable": false,
                    "mergeable": false,
                    "no_features": false
                },
                {
                    "weight": [
                        0,
                        0,
                        0,
                        0
                    ],
                    "spec": "/pa/terrain/metal/brushes/metal_structure_05.json",
                    "proj": "BP_Bend",
                    "transform": [
                        0.2554721236228943,
                        -0.6805844902992249,
                        -0.6866867542266846,
                        -275.1531982421875,
                        -0.6805844902992249,
                        0.3778671622276306,
                        -0.6277110576629639,
                        -251.52182006835938,
                        -0.6866867542266846,
                        -0.6277110576629639,
                        0.3666607141494751,
                        146.91978454589844
                    ],
                    "op": "BO_Add",
                    "rotation": 0,
                    "scale": [
                        1,
                        1,
                        1
                    ],
                    "height": 400.6968078613281,
                    "position": [
                        -275.1531982421875,
                        -251.52178955078125,
                        -146.9197998046875
                    ],
                    "weightHard": false,
                    "weightScale": [
                        1,
                        1,
                        1
                    ],
                    "mirrored": true,
                    "twinId": 16,
                    "flooded": false,
                    "pathable": false,
                    "mergeable": false,
                    "no_features": false
                },
                {
                    "weight": [
                        0,
                        0,
                        0,
                        0
                    ],
                    "spec": "/pa/terrain/metal/brushes/metal_structure_05.json",
                    "proj": "BP_Bend",
                    "transform": [
                        0.6264345645904541,
                        0.6122969388961792,
                        0.4823610186576843,
                        193.19944763183594,
                        0.10106877982616425,
                        0.5498002767562866,
                        -0.8291590809822083,
                        -332.10205078125,
                        -0.7728937864303589,
                        0.5681655406951904,
                        0.2825297713279724,
                        113.16129302978516
                    ],
                    "op": "BO_Add",
                    "rotation": -0.40999987721443176,
                    "scale": [
                        1,
                        1,
                        1
                    ],
                    "height": 400.52874755859375,
                    "position": [
                        193.19944763183594,
                        -332.10205078125,
                        113.16132354736328
                    ],
                    "weightHard": false,
                    "weightScale": [
                        1,
                        1,
                        1
                    ],
                    "mirrored": false,
                    "twinId": 17,
                    "flooded": false,
                    "pathable": false,
                    "mergeable": false,
                    "no_features": false
                },
                {
                    "weight": [
                        0,
                        0,
                        0,
                        0
                    ],
                    "spec": "/pa/terrain/metal/brushes/metal_structure_05.json",
                    "proj": "BP_Bend",
                    "transform": [
                        0.6264345645904541,
                        0.6122969388961792,
                        0.4823610186576843,
                        193.19944763183594,
                        0.10106877982616425,
                        0.5498002767562866,
                        -0.8291590809822083,
                        -332.1020812988281,
                        0.7728937864303589,
                        -0.5681655406951904,
                        -0.2825297713279724,
                        -113.16129302978516
                    ],
                    "op": "BO_Add",
                    "rotation": -0.40999987721443176,
                    "scale": [
                        1,
                        1,
                        1
                    ],
                    "height": 400.52874755859375,
                    "position": [
                        193.19944763183594,
                        -332.10205078125,
                        113.16132354736328
                    ],
                    "weightHard": false,
                    "weightScale": [
                        1,
                        1,
                        1
                    ],
                    "mirrored": true,
                    "twinId": 17,
                    "flooded": false,
                    "pathable": false,
                    "mergeable": false,
                    "no_features": false
                },
                {
                    "weight": [
                        0,
                        0,
                        0,
                        0
                    ],
                    "spec": "/pa/terrain/metal/brushes/metal_structure_05.json",
                    "proj": "BP_Bend",
                    "transform": [
                        0.5837862491607666,
                        0.44724029302597046,
                        -0.4832907021045685,
                        -218.94329833984375,
                        0.17855454981327057,
                        0.5141596794128418,
                        0.6914899349212646,
                        313.2629699707031,
                        0.6338075995445251,
                        -0.5567909479141235,
                        0.25034376978874207,
                        113.4122543334961
                    ],
                    "op": "BO_Add",
                    "rotation": -0.24000003933906555,
                    "scale": [
                        0.880000114440918,
                        0.880000114440918,
                        0.880000114440918
                    ],
                    "height": 398.6629943847656,
                    "position": [
                        -218.94326782226562,
                        313.262939453125,
                        113.41226196289062
                    ],
                    "weightHard": false,
                    "weightScale": [
                        1,
                        1,
                        1
                    ],
                    "mirrored": false,
                    "twinId": 18,
                    "flooded": false,
                    "pathable": false,
                    "mergeable": false,
                    "no_features": false
                },
                {
                    "weight": [
                        0,
                        0,
                        0,
                        0
                    ],
                    "spec": "/pa/terrain/metal/brushes/metal_structure_05.json",
                    "proj": "BP_Bend",
                    "transform": [
                        0.5837862491607666,
                        0.44724029302597046,
                        -0.4832907021045685,
                        -218.9433135986328,
                        0.17855454981327057,
                        0.5141596794128418,
                        0.6914899349212646,
                        313.2629699707031,
                        -0.6338075995445251,
                        0.5567909479141235,
                        -0.25034376978874207,
                        -113.4122543334961
                    ],
                    "op": "BO_Add",
                    "rotation": -0.24000003933906555,
                    "scale": [
                        0.880000114440918,
                        0.880000114440918,
                        0.880000114440918
                    ],
                    "height": 398.6629943847656,
                    "position": [
                        -218.94326782226562,
                        313.262939453125,
                        113.41226196289062
                    ],
                    "weightHard": false,
                    "weightScale": [
                        1,
                        1,
                        1
                    ],
                    "mirrored": true,
                    "twinId": 18,
                    "flooded": false,
                    "pathable": false,
                    "mergeable": false,
                    "no_features": false
                },
                {
                    "weight": [
                        0,
                        0,
                        0,
                        0
                    ],
                    "spec": "/pa/terrain/metal/brushes/metal_structure_05.json",
                    "proj": "BP_Bend",
                    "transform": [
                        0.8211296796798706,
                        -0.3604094088077545,
                        0.4425506591796875,
                        174.5115966796875,
                        -0.21137984097003937,
                        0.5282158851623535,
                        0.8223785161972046,
                        324.2896423339844,
                        -0.5301552414894104,
                        -0.7688257098197937,
                        0.3575504422187805,
                        140.99334716796875
                    ],
                    "op": "BO_Add",
                    "rotation": 0.10999998450279236,
                    "scale": [
                        1,
                        1,
                        1
                    ],
                    "height": 394.33135986328125,
                    "position": [
                        174.51162719726562,
                        324.2896728515625,
                        140.99334716796875
                    ],
                    "weightHard": false,
                    "weightScale": [
                        1,
                        1,
                        1
                    ],
                    "mirrored": false,
                    "twinId": 19,
                    "flooded": false,
                    "pathable": false,
                    "mergeable": false,
                    "no_features": true
                },
                {
                    "weight": [
                        0,
                        0,
                        0,
                        0
                    ],
                    "spec": "/pa/terrain/metal/brushes/metal_structure_05.json",
                    "proj": "BP_Bend",
                    "transform": [
                        0.8211296796798706,
                        -0.3604094088077545,
                        0.4425506591796875,
                        174.5115966796875,
                        -0.21137984097003937,
                        0.5282158851623535,
                        0.8223785161972046,
                        324.2896423339844,
                        0.5301552414894104,
                        0.7688257098197937,
                        -0.3575504422187805,
                        -140.99334716796875
                    ],
                    "op": "BO_Add",
                    "rotation": 0.10999998450279236,
                    "scale": [
                        1,
                        1,
                        1
                    ],
                    "height": 394.33135986328125,
                    "position": [
                        174.51162719726562,
                        324.2896728515625,
                        140.99334716796875
                    ],
                    "weightHard": false,
                    "weightScale": [
                        1,
                        1,
                        1
                    ],
                    "mirrored": true,
                    "twinId": 19,
                    "flooded": false,
                    "pathable": false,
                    "mergeable": false,
                    "no_features": false
                },
                {
                    "weight": [
                        0,
                        0,
                        0,
                        0
                    ],
                    "spec": "/pa/terrain/metal/brushes/metal_t3_medium_2_ramp.json",
                    "proj": "BP_Bend",
                    "transform": [
                        -0.0015218856278806925,
                        0.024716561660170555,
                        -0.9996933937072754,
                        -402.2021789550781,
                        -0.015226989984512329,
                        0.9995779991149902,
                        0.02473689243197441,
                        9.95228385925293,
                        0.9998829364776611,
                        0.015259968116879463,
                        -0.0011448860168457031,
                        -0.4606168866157532
                    ],
                    "op": "BO_Add",
                    "rotation": -0.03999999910593033,
                    "scale": [
                        1,
                        1,
                        1
                    ],
                    "height": 402.3255310058594,
                    "position": [
                        -402.2021484375,
                        9.95228385925293,
                        -0.46057891845703125
                    ],
                    "weightHard": false,
                    "weightScale": [
                        1,
                        1,
                        1
                    ],
                    "mirrored": false,
                    "twinId": 22,
                    "flooded": false,
                    "pathable": true,
                    "mergeable": false,
                    "no_features": true
                },
                {
                    "weight": [
                        0,
                        0,
                        0,
                        0
                    ],
                    "spec": "/pa/terrain/metal/brushes/metal_t3_medium_2_ramp.json",
                    "proj": "BP_Bend",
                    "transform": [
                        -0.0015218856278806925,
                        0.024716561660170555,
                        -0.9996933937072754,
                        -402.2021789550781,
                        -0.015226989984512329,
                        0.9995779991149902,
                        0.02473689243197441,
                        9.95228385925293,
                        -0.9998829364776611,
                        -0.015259968116879463,
                        0.0011448860168457031,
                        0.46061691641807556
                    ],
                    "op": "BO_Add",
                    "rotation": -0.03999999910593033,
                    "scale": [
                        1,
                        1,
                        1
                    ],
                    "height": 402.3255310058594,
                    "position": [
                        -402.2021484375,
                        9.95228385925293,
                        -0.46057891845703125
                    ],
                    "weightHard": false,
                    "weightScale": [
                        1,
                        1,
                        1
                    ],
                    "mirrored": true,
                    "twinId": 22,
                    "flooded": false,
                    "pathable": true,
                    "mergeable": false,
                    "no_features": true
                },
                {
                    "weight": [
                        0,
                        0,
                        0,
                        0
                    ],
                    "spec": "/pa/terrain/metal/brushes/metal_t3_medium_2_ramp.json",
                    "proj": "BP_Bend",
                    "transform": [
                        0.006938815116882324,
                        -0.01884513720870018,
                        0.9997982382774353,
                        402.04486083984375,
                        -0.01884513720870018,
                        0.9996423721313477,
                        0.018972985446453094,
                        7.629530906677246,
                        -0.9997982382774353,
                        -0.018972985446453094,
                        0.0065811872482299805,
                        2.6464664936065674
                    ],
                    "op": "BO_Add",
                    "rotation": 0,
                    "scale": [
                        1,
                        1,
                        1
                    ],
                    "height": 402.1260070800781,
                    "position": [
                        402.044921875,
                        7.6295318603515625,
                        2.64642333984375
                    ],
                    "weightHard": false,
                    "weightScale": [
                        1,
                        1,
                        1
                    ],
                    "mirrored": false,
                    "twinId": 23,
                    "flooded": false,
                    "pathable": true,
                    "mergeable": false,
                    "no_features": true
                },
                {
                    "weight": [
                        0,
                        0,
                        0,
                        0
                    ],
                    "spec": "/pa/terrain/metal/brushes/metal_t3_medium_2_ramp.json",
                    "proj": "BP_Bend",
                    "transform": [
                        0.006938815116882324,
                        -0.01884513720870018,
                        0.9997982382774353,
                        402.04486083984375,
                        -0.01884513720870018,
                        0.9996423721313477,
                        0.018972985446453094,
                        7.629531383514404,
                        0.9997982382774353,
                        0.018972985446453094,
                        -0.0065811872482299805,
                        -2.6464664936065674
                    ],
                    "op": "BO_Add",
                    "rotation": 0,
                    "scale": [
                        1,
                        1,
                        1
                    ],
