{
    "name": "Scorch 4v4",
   

    "description":"4v4",
    "version":"1.0",
    "creator":"Epicsmel",
    "players":[8, 8],

 "planets": [
        {
            "name": "Flare",
            "mass": 5000,
            "position_x": 18000,
            "position_y": -10000,
            "velocity_x": 24.23046112060547,
            "velocity_y": 11.824691772460938,
            "required_thrust_to_move": 0,
            "starting_planet": false,
            "respawn": false,
            "start_destroyed": false,
            "min_spawn_delay": 0,
            "max_spawn_delay": 0,
            "planet": {
                "seed": 1206242048,
                "radius": 250,
                "heightRange": 0,
                "waterHeight": 70,
                "waterDepth": 100,
                "temperature": 100,
                "metalDensity": 75,
                "metalClusters": 75,
                "metalSpotLimit": -1,
                "biomeScale": 50,
                "biome": "lava",
                "symmetryType": "none",
                "symmetricalMetal": false,
                "symmetricalStarts": false,
                "numArmies": 2,
                "landingZonesPerArmy": 0,
                "landingZoneSize": 0
            }
        },
        {
            "name": "Scorch",
            "mass": 10000,
            "position_x": 15800.2705078125,
            "position_y": -9033.353515625,
            "velocity_x": 82.26537322998047,
            "velocity_y": 143.8906707763672,
            "required_thrust_to_move": 0,
            "starting_planet": true,
            "respawn": false,
            "start_destroyed": false,
            "min_spawn_delay": 0,
            "max_spawn_delay": 0,
            "planet": {
                "seed": 414923328,
                "radius": 600,
                "heightRange": 0,
                "waterHeight": 100,
                "waterDepth": 100,
                "temperature": 100,
                "metalDensity": 0,
                "metalClusters": 0,
                "metalSpotLimit": -1,
                "biomeScale": 50,
                "biome": "lava",
                "symmetryType": "terrain and CSG",
                "symmetricalMetal": false,
                "symmetricalStarts": false,
                "numArmies": 2,
                "landingZonesPerArmy": 0,
                "landingZoneSize": 50
            },
            "planetCSG": [
                {
                    "weight": [
                        0,
                        0,
                        0,
                        0
                    ],
                    "spec": "/pa/terrain/mountain/brushes/mountain_metal_t2_large_4_ramp.json",
                    "proj": "BP_Bend",
                    "transform": [
                        0.9999999403953552,
                        -1.2064819543411431e-7,
                        0.0003548717068042606,
                        0.21152496337890625,
                        -1.2064819543411431e-7,
                        0.9999997615814209,
                        0.0006799537222832441,
                        0.40529346466064453,
                        -0.0003548717068042606,
                        -0.0006799537222832441,
                        0.9999997019767761,
                        596.0601806640625
                    ],
                    "op": "BO_Add",
                    "rotation": 0,
                    "scale": [
                        1,
                        1,
                        1
                    ],
                    "height": 596.0603637695312,
                    "position": [
                        0.21152496337890625,
                        0.40529346466064453,
                        596.0601806640625
                    ],
                    "weightHard": false,
                    "weightScale": [
                        1,
                        1,
                        1
                    ],
                    "mirrored": false,
                    "twinId": 0,
                    "flooded": false,
                    "pathable": true,
                    "mergeable": false,
                    "no_features": true
                },
                {
                    "weight": [
                        0,
                        0,
                        0,
                        0
                    ],
                    "spec": "/pa/terrain/mountain/brushes/mountain_metal_t2_large_4_ramp.json",
                    "proj": "BP_Bend",
                    "transform": [
                        0.9999999403953552,
                        -1.2064819543411431e-7,
                        0.0003548717068042606,
                        0.21152496337890625,
                        -1.2064819543411431e-7,
                        0.9999997615814209,
                        0.0006799537222832441,
                        0.40529346466064453,
                        0.0003548717068042606,
                        0.0006799537222832441,
                        -0.9999997019767761,
                        -596.0601806640625
                    ],
                    "op": "BO_Add",
                    "rotation": 0,
                    "scale": [
                        1,
                        1,
                        1
                    ],
                    "height": 596.0603637695312,
                    "position": [
                        0.21152496337890625,
                        0.40529346466064453,
                        596.0601806640625
                    ],
                    "weightHard": false,
                    "weightScale": [
                        1,
                        1,
                        1
                    ],
                    "mirrored": true,
                    "twinId": 0,
                    "flooded": false,
                    "pathable": true,
                    "mergeable": false,
                    "no_features": true
                },
                {
                    "weight": [
                        0,
                        0,
                        0,
                        0
                    ],
                    "spec": "/pa/terrain/mountain/brushes/mountain_metal_t3_small_2_ramp.json",
                    "proj": "BP_Bend",
                    "transform": [
                        0.018771028146147728,
                        0.8347817063331604,
                        0.5502610802650452,
                        327.5050048828125,
                        -0.9998010396957397,
                        0.019388673827052116,
                        0.004692286718636751,
                        2.7927603721618652,
                        -0.006751798093318939,
                        -0.5502396821975708,
                        0.8349795341491699,
                        496.9640197753906
                    ],
                    "op": "BO_Add",
                    "rotation": -1.5499991178512573,
                    "scale": [
                        1,
                        1,
                        1
                    ],
                    "height": 595.1810913085938,
                    "position": [
                        327.50494384765625,
                        2.792759895324707,
                        496.9639892578125
                    ],
                    "weightHard": false,
                    "weightScale": [
                        1,
                        1,
                        1
                    ],
                    "mirrored": false,
                    "twinId": 0,
                    "flooded": false,
                    "pathable": true,
                    "mergeable": false,
                    "no_features": true
                },
                {
                    "weight": [
                        0,
                        0,
                        0,
                        0
                    ],
                    "spec": "/pa/terrain/mountain/brushes/mountain_metal_t3_small_2_ramp.json",
                    "proj": "BP_Bend",
                    "transform": [
                        0.018771028146147728,
                        0.8347817063331604,
                        0.5502610802650452,
                        327.5050048828125,
                        -0.9998010396957397,
                        0.019388673827052116,
                        0.004692286718636751,
                        2.7927603721618652,
                        0.006751798093318939,
                        0.5502396821975708,
                        -0.8349795341491699,
                        -496.9639892578125
                    ],
                    "op": "BO_Add",
                    "rotation": -1.5499991178512573,
                    "scale": [
                        1,
                        1,
                        1
                    ],
                    "height": 595.1810913085938,
                    "position": [
                        327.50494384765625,
                        2.792759895324707,
                        496.9639892578125
                    ],
                    "weightHard": false,
                    "weightScale": [
                        1,
                        1,
                        1
                    ],
                    "mirrored": true,
                    "twinId": 0,
                    "flooded": false,
                    "pathable": true,
                    "mergeable": false,
                    "no_features": true
                },
                {
                    "weight": [
                        0,
                        0,
                        0,
                        0
                    ],
                    "spec": "/pa/terrain/mountain/brushes/mountain_metal_t3_small_2_ramp.json",
                    "proj": "BP_Bend",
                    "transform": [
                        -0.010087862610816956,
                        -0.5587888956069946,
                        0.8292484879493713,
                        494.52178955078125,
                        0.999947726726532,
                        -0.0042572240345180035,
                        0.009295696392655373,
                        5.543482780456543,
                        -0.0016640350222587585,
                        0.8292989730834961,
                        0.5588025450706482,
                        333.2415466308594
                    ],
                    "op": "BO_Add",
                    "rotation": 1.5799990892410278,
                    "scale": [
                        1,
                        1,
                        1
                    ],
                    "height": 596.3493041992188,
                    "position": [
                        494.5218505859375,
                        5.543483734130859,
                        333.24151611328125
                    ],
                    "weightHard": false,
                    "weightScale": [
                        1,
                        1,
                        1
                    ],
                    "mirrored": false,
                    "twinId": 0,
                    "flooded": false,
                    "pathable": true,
                    "mergeable": false,
                    "no_features": true
                },
                {
                    "weight": [
                        0,
                        0,
                        0,
                        0
                    ],
                    "spec": "/pa/terrain/mountain/brushes/mountain_metal_t3_small_2_ramp.json",
                    "proj": "BP_Bend",
                    "transform": [
                        -0.010087862610816956,
                        -0.5587888956069946,
                        0.8292484879493713,
                        494.52178955078125,
                        0.999947726726532,
                        -0.0042572240345180035,
                        0.009295696392655373,
                        5.543482780456543,
                        0.0016640350222587585,
                        -0.8292989730834961,
                        -0.5588025450706482,
                        -333.2415466308594
                    ],
                    "op": "BO_Add",
                    "rotation": 1.5799990892410278,
                    "scale": [
                        1,
                        1,
                        1
                    ],
                    "height": 596.3493041992188,
                    "position": [
                        494.5218505859375,
                        5.543483734130859,
                        333.24151611328125
                    ],
                    "weightHard": false,
                    "weightScale": [
                        1,
                        1,
                        1
                    ],
                    "mirrored": true,
                    "twinId": 0,
                    "flooded": false,
                    "pathable": true,
                    "mergeable": false,
                    "no_features": true
                },
                {
                    "weight": [
                        0,
                        0,
                        0,
                        0
                    ],
                    "spec": "/pa/terrain/mountain/brushes/mountain_metal_t3_small_2_ramp.json",
                    "proj": "BP_Bend",
                    "transform": [
                        -0.020779704675078392,
                        -0.19726337492465973,
                        0.9801301956176758,
                        579.9906616210938,
                        0.9995308518409729,
                        -0.02616194821894169,
                        0.01592559739947319,
                        9.4239501953125,
                        0.022500580176711082,
                        0.9800013303756714,
                        0.1977144479751587,
                        116.99724578857422
                    ],
                    "op": "BO_Add",
                    "rotation": 1.6099990606307983,
                    "scale": [
                        1,
                        1,
                        1
                    ],
                    "height": 591.7485961914062,
                    "position": [
                        579.99072265625,
                        9.4239501953125,
                        116.99716186523438
                    ],
                    "weightHard": false,
                    "weightScale": [
                        1,
                        1,
                        1
                    ],
                    "mirrored": false,
                    "twinId": 0,
                    "flooded": false,
                    "pathable": true,
                    "mergeable": false,
                    "no_features": true
                },
                {
                    "weight": [
                        0,
                        0,
                        0,
                        0
                    ],
                    "spec": "/pa/terrain/mountain/brushes/mountain_metal_t3_small_2_ramp.json",
                    "proj": "BP_Bend",
                    "transform": [
                        -0.020779704675078392,
                        -0.19726337492465973,
                        0.9801301956176758,
                        579.9906616210938,
                        0.9995308518409729,
                        -0.02616194821894169,
                        0.01592559739947319,
                        9.4239501953125,
                        -0.022500580176711082,
                        -0.9800013303756714,
                        -0.1977144479751587,
                        -116.99724578857422
                    ],
                    "op": "BO_Add",
                    "rotation": 1.6099990606307983,
                    "scale": [
                        1,
                        1,
                        1
                    ],
                    "height": 591.7485961914062,
                    "position": [
                        579.99072265625,
                        9.4239501953125,
                        116.99716186523438
                    ],
                    "weightHard": false,
                    "weightScale": [
                        1,
                        1,
                        1
                    ],
                    "mirrored": true,
                    "twinId": 0,
                    "flooded": false,
                    "pathable": true,
                    "mergeable": false,
                    "no_features": true
                },
                {
                    "weight": [
                        0,
                        0,
                        0,
                        0
                    ],
                    "spec": "/pa/terrain/mountain/brushes/mountain_metal_t3_small_2_ramp.json",
                    "proj": "BP_Bend",
                    "transform": [
                        0.9999998807907104,
                        -0.00012693936878349632,
                        0.0004187203012406826,
                        0.24759341776371002,
                        -0.00012693936878349632,
                        0.831659197807312,
                        0.5552864074707031,
                        328.3463134765625,
                        -0.0004187203012406826,
                        -0.5552864074707031,
                        0.8316591382026672,
                        491.7682189941406
                    ],
                    "op": "BO_Add",
                    "rotation": 0,
                    "scale": [
                        1,
                        1,
                        1
                    ],
                    "height": 591.309814453125,
                    "position": [
                        0.24759340286254883,
                        328.34625244140625,
                        491.7681884765625
                    ],
                    "weightHard": false,
                    "weightScale": [
                        1,
                        1,
                        1
                    ],
                    "mirrored": false,
                    "twinId": 0,
                    "flooded": false,
                    "pathable": true,
                    "mergeable": false,
                    "no_features": true
                },
                {
                    "weight": [
                        0,
                        0,
                        0,
                        0
                    ],
                    "spec": "/pa/terrain/mountain/brushes/mountain_metal_t3_small_2_ramp.json",
                    "proj": "BP_Bend",
                    "transform": [
                        0.9999998807907104,
                        -0.00012693936878349632,
                        0.0004187203012406826,
                        0.24759341776371002,
                        -0.00012693936878349632,
                        0.831659197807312,
                        0.5552864074707031,
                        328.3463134765625,
                        0.0004187203012406826,
                        0.5552864074707031,
                        -0.8316591382026672,
                        -491.7681884765625
                    ],
                    "op": "BO_Add",
                    "rotation": 0,
                    "scale": [
                        1,
                        1,
                        1
                    ],
                    "height": 591.309814453125,
                    "position": [
                        0.24759340286254883,
                        328.34625244140625,
                        491.7681884765625
                    ],
                    "weightHard": false,
                    "weightScale": [
                        1,
                        1,
                        1
                    ],
                    "mirrored": true,
                    "twinId": 0,
                    "flooded": false,
                    "pathable": true,
                    "mergeable": false,
                    "no_features": true
                },
                {
                    "weight": [
                        0,
                        0,
                        0,
                        0
                    ],
                    "spec": "/pa/terrain/mountain/brushes/mountain_metal_t3_small_2_ramp.json",
                    "proj": "BP_Bend",
                    "transform": [
                        0.9999999403953552,
                        -0.00014921293768566102,
                        0.0002842458779923618,
                        0.16806982457637787,
                        -0.00014921293768566102,
                        0.5679322481155396,
                        0.8230752944946289,
                        486.670654296875,
                        -0.0002842458779923618,
                        -0.8230752944946289,
                        0.56793212890625,
                        335.80877685546875
                    ],
                    "op": "BO_Add",
                    "rotation": 0,
                    "scale": [
                        1,
                        1,
                        1
                    ],
                    "height": 591.2832641601562,
                    "position": [
                        0.16806983947753906,
                        486.670654296875,
                        335.8088073730469
                    ],
                    "weightHard": false,
                    "weightScale": [
                        1,
                        1,
                        1
                    ],
                    "mirrored": false,
                    "twinId": 0,
                    "flooded": false,
                    "pathable": true,
                    "mergeable": false,
                    "no_features": true
                },
                {
                    "weight": [
                        0,
                        0,
                        0,
                        0
                    ],
                    "spec": "/pa/terrain/mountain/brushes/mountain_metal_t3_small_2_ramp.json",
                    "proj": "BP_Bend",
                    "transform": [
                        0.9999999403953552,
                        -0.00014921293768566102,
                        0.0002842458779923618,
                        0.16806980967521667,
                        -0.00014921293768566102,
                        0.5679322481155396,
                        0.8230752944946289,
                        486.670654296875,
                        0.0002842458779923618,
                        0.8230752944946289,
                        -0.56793212890625,
                        -335.80877685546875
                    ],
                    "op": "BO_Add",
                    "rotation": 0,
                    "scale": [
                        1,
                        1,
                        1
                    ],
                    "height": 591.2832641601562,
                    "position": [
                        0.16806983947753906,
                        486.670654296875,
                        335.8088073730469
                    ],
                    "weightHard": false,
                    "weightScale": [
                        1,
                        1,
                        1
                    ],
                    "mirrored": true,
                    "twinId": 0,
                    "flooded": false,
                    "pathable": true,
                    "mergeable": false,
                    "no_features": true
                },
                {
                    "weight": [
                        0,
                        0,
                        0,
                        0
                    ],
                    "spec": "/pa/terrain/mountain/brushes/mountain_metal_t3_small_2_ramp.json",
                    "proj": "BP_Bend",
                    "transform": [
                        0.9999996423721313,
                        -0.0005383382667787373,
                        0.0006596465245820582,
                        0.39001089334487915,
                        -0.0005383382667787373,
                        0.2004651427268982,
                        0.9797007441520691,
                        579.240478515625,
                        -0.0006596465245820582,
                        -0.9797007441520691,
                        0.20046478509902954,
                        118.52324676513672
                    ],
                    "op": "BO_Add",
                    "rotation": 0,
                    "scale": [
                        1,
                        1,
                        1
                    ],
                    "height": 591.2422485351562,
                    "position": [
                        0.3900108337402344,
                        579.2404174804688,
                        118.52320861816406
                    ],
                    "weightHard": false,
                    "weightScale": [
                        1,
                        1,
                        1
                    ],
                    "mirrored": false,
                    "twinId": 0,
                    "flooded": false,
                    "pathable": true,
                    "mergeable": false,
                    "no_features": true
                },
                {
                    "weight": [
                        0,
                        0,
                        0,
                        0
                    ],
                    "spec": "/pa/terrain/mountain/brushes/mountain_metal_t3_small_2_ramp.json",
                    "proj": "BP_Bend",
                    "transform": [
                        0.9999996423721313,
                        -0.0005383382667787373,
                        0.0006596465245820582,
                        0.39001089334487915,
                        -0.0005383382667787373,
                        0.2004651427268982,
                        0.9797007441520691,
                        579.240478515625,
                        0.0006596465245820582,
                        0.9797007441520691,
                        -0.20046478509902954,
                        -118.52325439453125
                    ],
                    "op": "BO_Add",
                    "rotation": 0,
                    "scale": [
                        1,
                        1,
                        1
                    ],
                    "height": 591.2422485351562,
                    "position": [
                        0.3900108337402344,
                        579.2404174804688,
                        118.52320861816406
                    ],
                    "weightHard": false,
                    "weightScale": [
                        1,
                        1,
                        1
                    ],
                    "mirrored": true,
                    "twinId": 0,
                    "flooded": false,
                    "pathable": true,
                    "mergeable": false,
                    "no_features": true
                },
                {
                    "weight": [
                        0,
                        0,
                        0,
                        0
                    ],
                    "spec": "/pa/terrain/mountain/brushes/mountain_metal_t3_small_2_ramp.json",
                    "proj": "BP_Bend",
                    "transform": [
                        0.9999999403953552,
                        -0.00011084766447311267,
                        -0.00035253798705525696,
                        -0.20919036865234375,
                        -0.00011084766447311267,
                        0.8200602531433105,
                        -0.5722771286964417,
                        -339.5800476074219,
                        0.00035253798705525696,
                        0.5722771286964417,
                        0.8200601935386658,
                        486.61053466796875
                    ],
                    "op": "BO_Add",
                    "rotation": 0,
                    "scale": [
                        1,
                        1,
                        1
                    ],
                    "height": 593.3839111328125,
                    "position": [
                        -0.20919036865234375,
                        -339.5800476074219,
                        486.61053466796875
                    ],
                    "weightHard": false,
                    "weightScale": [
                        1,
                        1,
                        1
                    ],
                    "mirrored": false,
                    "twinId": 0,
                    "flooded": false,
                    "pathable": true,
                    "mergeable": false,
                    "no_features": true
                },
                {
                    "weight": [
                        0,
                        0,
                        0,
                        0
                    ],
                    "spec": "/pa/terrain/mountain/brushes/mountain_metal_t3_small_2_ramp.json",
                    "proj": "BP_Bend",
                    "transform": [
                        0.9999999403953552,
                        -0.00011084766447311267,
                        -0.00035253798705525696,
                        -0.20919036865234375,
                        -0.00011084766447311267,
                        0.8200602531433105,
                        -0.5722771286964417,
                        -339.5800476074219,
                        -0.00035253798705525696,
                        -0.5722771286964417,
                        -0.8200601935386658,
                        -486.61053466796875
                    ],
                    "op": "BO_Add",
                    "rotation": 0,
                    "scale": [
                        1,
                        1,
                        1
                    ],
                    "height": 593.3839111328125,
                    "position": [
                        -0.20919036865234375,
                        -339.5800476074219,
                        486.61053466796875
                    ],
                    "weightHard": false,
                    "weightScale": [
                        1,
                        1,
                        1
                    ],
                    "mirrored": true,
                    "twinId": 0,
                    "flooded": false,
                    "pathable": true,
                    "mergeable": false,
                    "no_features": true
                },
                {
                    "weight": [
                        0,
                        0,
                        0,
                        0
                    ],
                    "spec": "/pa/terrain/mountain/brushes/mountain_metal_t3_small_2_ramp.json",
                    "proj": "BP_Bend",
                    "transform": [
                        1,
                        -0.000057185989135177806,
                        -0.00010681283310987055,
                        -0.0634765699505806,
                        -0.000057185989135177806,
                        0.5544397830963135,
                        -0.8322238326072693,
                        -494.5727233886719,
                        0.00010681283310987055,
                        0.8322238326072693,
                        0.5544397830963135,
                        329.49163818359375
                    ],
                    "op": "BO_Add",
                    "rotation": 0,
                    "scale": [
                        1,
                        1,
                        1
                    ],
                    "height": 594.2785034179688,
                    "position": [
                        -0.0634765625,
                        -494.57269287109375,
                        329.4916687011719
                    ],
                    "weightHard": false,
                    "weightScale": [
                        1,
                        1,
                        1
                    ],
                    "mirrored": false,
                    "twinId": 0,
                    "flooded": false,
                    "pathable": true,
                    "mergeable": false,
                    "no_features": true
                },
                {
                    "weight": [
                        0,
                        0,
                        0,
                        0
                    ],
                    "spec": "/pa/terrain/mountain/brushes/mountain_metal_t3_small_2_ramp.json",
                    "proj": "BP_Bend",
                    "transform": [
                        1,
                        -0.000057185989135177806,
                        -0.00010681283310987055,
                        -0.0634765699505806,
                        -0.000057185989135177806,
                        0.5544397830963135,
                        -0.8322238326072693,
                        -494.57269287109375,
                        -0.00010681283310987055,
                        -0.8322238326072693,
                        -0.5544397830963135,
                        -329.49163818359375
                    ],
                    "op": "BO_Add",
                    "rotation": 0,
                    "scale": [
                        1,
                        1,
                        1
                    ],
                    "height": 594.2785034179688,
                    "position": [
                        -0.0634765625,
                        -494.57269287109375,
                        329.4916687011719
                    ],
                    "weightHard": false,
                    "weightScale": [
                        1,
                        1,
                        1
                    ],
                    "mirrored": true,
                    "twinId": 0,
                    "flooded": false,
                    "pathable": true,
                    "mergeable": false,
                    "no_features": true
                },
                {
                    "weight": [
                        0,
                        0,
                        0,
                        0
                    ],
                    "spec": "/pa/terrain/mountain/brushes/mountain_metal_t3_small_2_ramp.json",
                    "proj": "BP_Bend",
                    "transform": [
                        0.9999913573265076,
                        -0.0026383327785879374,
                        -0.0032164640724658966,
                        -1.9018404483795166,
                        -0.0026383327785879374,
                        0.1955862045288086,
                        -0.9806829690933228,
                        -579.8611450195312,
                        0.0032164640724658966,
                        0.9806829690933228,
                        0.19557756185531616,
                        115.64167785644531
                    ],
                    "op": "BO_Add",
                    "rotation": 0,
                    "scale": [
                        1,
                        1,
                        1
                    ],
                    "height": 591.282958984375,
                    "position": [
                        -1.9018402099609375,
                        -579.8611450195312,
                        115.64167785644531
                    ],
                    "weightHard": false,
                    "weightScale": [
                        1,
                        1,
                        1
                    ],
                    "mirrored": false,
                    "twinId": 0,
                    "flooded": false,
                    "pathable": true,
                    "mergeable": false,
                    "no_features": true
                },
                {
                    "weight": [
                        0,
                        0,
                        0,
                        0
                    ],
                    "spec": "/pa/terrain/mountain/brushes/mountain_metal_t3_small_2_ramp.json",
                    "proj": "BP_Bend",
                    "transform": [
                        0.9999913573265076,
                        -0.0026383327785879374,
                        -0.0032164640724658966,
                        -1.9018405675888062,
                        -0.0026383327785879374,
                        0.1955862045288086,
                        -0.9806829690933228,
                        -579.8611450195312,
                        -0.0032164640724658966,
                        -0.9806829690933228,
                        -0.19557756185531616,
                        -115.64167785644531
                    ],
                    "op": "BO_Add",
                    "rotation": 0,
                    "scale": [
                        1,
                        1,
                        1
                    ],
                    "height": 591.282958984375,
                    "position": [
                        -1.9018402099609375,
                        -579.8611450195312,
                        115.64167785644531
                    ],
                    "weightHard": false,
                    "weightScale": [
                        1,
                        1,
                        1
                    ],
                    "mirrored": true,
                    "twinId": 0,
                    "flooded": false,
                    "pathable": true,
                    "mergeable": false,
                    "no_features": true
                },
                {
                    "weight": [
                        0,
                        0,
                        0,
                        0
                    ],
                    "spec": "/pa/terrain/mountain/brushes/mountain_metal_t3_small_2_ramp.json",
                    "proj": "BP_Bend",
                    "transform": [
                        0.00933626014739275,
                        0.8195340633392334,
                        -0.5729543566703796,
                        -339.4089660644531,
                        -0.9999456405639648,
                        0.010309823788702488,
                        -0.001547245541587472,
                        -0.9165634512901306,
                        0.004639037884771824,
                        0.5729376673698425,
                        0.8195858001708984,
                        485.5094909667969
                    ],
                    "op": "BO_Add",
                    "rotation": -1.5599991083145142,
                    "scale": [
                        1,
                        1,
                        1
                    ],
                    "height": 592.3839721679688,
                    "position": [
                        -339.40899658203125,
                        -0.9165635108947754,
                        485.50946044921875
                    ],
                    "weightHard": false,
                    "weightScale": [
                        1,
                        1,
                        1
                    ],
                    "mirrored": false,
                    "twinId": 0,
                    "flooded": false,
                    "pathable": true,
                    "mergeable": false,
                    "no_features": true
                },
                {
