{
    "name": "Viroo/sxtn",
 
     "version":"1.0",
     "creator":"Viroo",


   "planets": [
        {
            "name": "Hot place",
            "mass": 10000,
            "position_x": 99.990234375,
            "position_y": 32000.013671875,
            "velocity_x": -124.99905395507812,
            "velocity_y": 0.3905782699584961,
            "required_thrust_to_move": 0,
            "starting_planet": true,
            "respawn": false,
            "start_destroyed": false,
            "min_spawn_delay": 0,
            "max_spawn_delay": 0,
            "planet": {
                "seed": 1079975808,
                "radius": 400,
                "heightRange": 0,
                "waterHeight": 0,
                "waterDepth": 100,
                "temperature": 100,
                "metalDensity": 75,
                "metalClusters": 75,
                "metalSpotLimit": -1,
                "biomeScale": 50,
                "biome": "lava",
                "symmetryType": "terrain and CSG",
                "symmetricalMetal": true,
                "symmetricalStarts": false,
                "numArmies": 2,
                "landingZonesPerArmy": 0,
                "landingZoneSize": 0
            },
            "planetCSG": [
                {
                    "weight": [
                        0,
                        0,
                        0,
                        0
                    ],
                    "spec": "/pa/terrain/mountain/brushes/mountain_metal_t1_pit_2_ramp.json",
                    "proj": "BP_Bend",
                    "transform": [
                        0.2179613709449768,
                        0.7641388177871704,
                        -0.6071116924285889,
                        -241.35801696777344,
                        0.7641388177871704,
                        0.25335127115249634,
                        0.5932157635688782,
                        235.83367919921875,
                        0.6071116924285889,
                        -0.5932157635688782,
                        -0.5286873579025269,
                        -210.18032836914062
                    ],
                    "op": "BO_Subtract",
                    "rotation": 0,
                    "scale": [
                        1,
                        1,
                        1
                    ],
                    "height": 397.55126953125,
                    "position": [
                        -241.3580322265625,
                        235.83367919921875,
                        -210.18035888671875
                    ],
                    "weightHard": false,
                    "weightScale": [
                        1,
                        1,
                        1
                    ],
                    "mirrored": false,
                    "twinId": 0,
                    "flooded": false,
                    "pathable": true,
                    "mergeable": false,
                    "no_features": true
                },
                {
                    "weight": [
                        0,
                        0,
                        0,
                        0
                    ],
                    "spec": "/pa/terrain/mountain/brushes/mountain_metal_t1_pit_2_ramp.json",
                    "proj": "BP_Bend",
                    "transform": [
                        0.2179613709449768,
                        0.7641388177871704,
                        -0.6071116924285889,
                        -241.3580322265625,
                        0.7641388177871704,
                        0.25335127115249634,
                        0.5932157635688782,
                        235.83367919921875,
                        -0.6071116924285889,
                        0.5932157635688782,
                        0.5286873579025269,
                        210.1803436279297
                    ],
                    "op": "BO_Subtract",
                    "rotation": 0,
                    "scale": [
                        1,
                        1,
                        1
                    ],
                    "height": 397.55126953125,
                    "position": [
                        -241.3580322265625,
                        235.83367919921875,
                        -210.18035888671875
                    ],
                    "weightHard": false,
                    "weightScale": [
                        1,
                        1,
                        1
                    ],
                    "mirrored": true,
                    "twinId": 0,
                    "flooded": false,
                    "pathable": true,
                    "mergeable": false,
                    "no_features": true
                },
                {
                    "weight": [
                        0,
                        0,
                        0,
                        0
                    ],
                    "spec": "/pa/terrain/mountain/brushes/mountain_metal_t1_pit_2_ramp.json",
                    "proj": "BP_Bend",
                    "transform": [
                        0.3395313620567322,
                        -0.7517516613006592,
                        0.565321147441864,
                        226.76065063476562,
                        -0.7517516613006592,
                        0.1443490982055664,
                        0.6434538960456848,
                        258.10113525390625,
                        -0.565321147441864,
                        -0.6434538960456848,
                        -0.5161194801330566,
                        -207.02496337890625
                    ],
                    "op": "BO_Subtract",
                    "rotation": 0,
                    "scale": [
                        1,
                        1,
                        1
                    ],
                    "height": 401.1182861328125,
                    "position": [
                        226.7606201171875,
                        258.10107421875,
                        -207.0249481201172
                    ],
                    "weightHard": false,
                    "weightScale": [
                        1,
                        1,
                        1
                    ],
                    "mirrored": false,
                    "twinId": 0,
                    "flooded": false,
                    "pathable": true,
                    "mergeable": false,
                    "no_features": true
                },
                {
                    "weight": [
                        0,
                        0,
                        0,
                        0
                    ],
                    "spec": "/pa/terrain/mountain/brushes/mountain_metal_t1_pit_2_ramp.json",
                    "proj": "BP_Bend",
                    "transform": [
                        0.3395313620567322,
                        -0.7517516613006592,
                        0.565321147441864,
                        226.7606658935547,
                        -0.7517516613006592,
                        0.1443490982055664,
                        0.6434538960456848,
                        258.10113525390625,
                        0.565321147441864,
                        0.6434538960456848,
                        0.5161194801330566,
                        207.02496337890625
                    ],
                    "op": "BO_Subtract",
                    "rotation": 0,
                    "scale": [
                        1,
                        1,
                        1
                    ],
                    "height": 401.1182861328125,
                    "position": [
                        226.7606201171875,
                        258.10107421875,
                        -207.0249481201172
                    ],
                    "weightHard": false,
                    "weightScale": [
                        1,
                        1,
                        1
                    ],
                    "mirrored": true,
                    "twinId": 0,
                    "flooded": false,
                    "pathable": true,
                    "mergeable": false,
                    "no_features": true
                },
                {
                    "weight": [
                        0,
                        0,
                        0,
                        0
                    ],
                    "spec": "/pa/terrain/mountain/brushes/mountain_metal_t2_medium_4_ramp.json",
                    "proj": "BP_Bend",
                    "transform": [
                        1.0198439359664917,
                        -0.01263352669775486,
                        0.012593619525432587,
                        4.926819801330566,
                        -0.01263352669775486,
                        -0.0031489061657339334,
                        1.0199168920516968,
                        399.0073547363281,
                        -0.012593619525432587,
                        -1.0199168920516968,
                        -0.0033049106132239103,
                        -1.292932391166687
                    ],
                    "op": "BO_Add",
                    "rotation": 0,
                    "scale": [
                        1.0199999809265137,
                        1.0199999809265137,
                        1.0199999809265137
                    ],
                    "height": 399.03985595703125,
                    "position": [
                        4.92681884765625,
                        399.00732421875,
                        -1.2929420471191406
                    ],
                    "weightHard": false,
                    "weightScale": [
                        1,
                        1,
                        1
                    ],
                    "mirrored": false,
                    "twinId": 0,
                    "flooded": false,
                    "pathable": true,
                    "mergeable": false,
                    "no_features": true
                },
                {
                    "weight": [
                        0,
                        0,
                        0,
                        0
                    ],
                    "spec": "/pa/terrain/mountain/brushes/mountain_metal_t2_medium_4_ramp.json",
                    "proj": "BP_Bend",
                    "transform": [
                        1.0198439359664917,
                        -0.01263352669775486,
                        0.012593619525432587,
                        4.926819801330566,
                        -0.01263352669775486,
                        -0.0031489061657339334,
                        1.0199168920516968,
                        399.0073547363281,
                        0.012593619525432587,
                        1.0199168920516968,
                        0.0033049106132239103,
                        1.292932391166687
                    ],
                    "op": "BO_Add",
                    "rotation": 0,
                    "scale": [
                        1.0199999809265137,
                        1.0199999809265137,
                        1.0199999809265137
                    ],
                    "height": 399.03985595703125,
                    "position": [
                        4.92681884765625,
                        399.00732421875,
                        -1.2929420471191406
                    ],
                    "weightHard": false,
                    "weightScale": [
                        1,
                        1,
                        1
                    ],
                    "mirrored": true,
                    "twinId": 0,
                    "flooded": false,
                    "pathable": true,
                    "mergeable": false,
                    "no_features": true
                },
                {
                    "weight": [
                        0,
                        0,
                        0,
                        0
                    ],
                    "spec": "/pa/terrain/mountain/brushes/mountain_metal_t1_pit_2_ramp.json",
                    "proj": "BP_Bend",
                    "transform": [
                        0.45977872610092163,
                        0.7260751724243164,
                        0.511290967464447,
                        204.51048278808594,
                        0.7260751724243164,
                        0.02413111925125122,
                        -0.6871918439865112,
                        -274.8688049316406,
                        -0.511290967464447,
                        0.6871918439865112,
                        -0.5160901546478271,
                        -206.43011474609375
                    ],
                    "op": "BO_Subtract",
                    "rotation": 0,
                    "scale": [
                        1,
                        1,
                        1
                    ],
                    "height": 399.98846435546875,
                    "position": [
                        204.510498046875,
                        -274.86883544921875,
                        -206.4300537109375
                    ],
                    "weightHard": false,
                    "weightScale": [
                        1,
                        1,
                        1
                    ],
                    "mirrored": false,
                    "twinId": 0,
                    "flooded": false,
                    "pathable": true,
                    "mergeable": false,
                    "no_features": true
                },
                {
                    "weight": [
                        0,
                        0,
                        0,
                        0
                    ],
                    "spec": "/pa/terrain/mountain/brushes/mountain_metal_t1_pit_2_ramp.json",
                    "proj": "BP_Bend",
                    "transform": [
                        0.45977872610092163,
                        0.7260751724243164,
                        0.511290967464447,
                        204.51048278808594,
                        0.7260751724243164,
                        0.02413111925125122,
                        -0.6871918439865112,
                        -274.8688049316406,
                        0.511290967464447,
                        -0.6871918439865112,
                        0.5160901546478271,
                        206.43011474609375
                    ],
                    "op": "BO_Subtract",
                    "rotation": 0,
                    "scale": [
                        1,
                        1,
                        1
                    ],
                    "height": 399.98846435546875,
                    "position": [
                        204.510498046875,
                        -274.86883544921875,
                        -206.4300537109375
                    ],
                    "weightHard": false,
                    "weightScale": [
                        1,
                        1,
                        1
                    ],
                    "mirrored": true,
                    "twinId": 0,
                    "flooded": false,
                    "pathable": true,
                    "mergeable": false,
                    "no_features": true
                },
                {
                    "weight": [
                        0,
                        0,
                        0,
                        0
                    ],
                    "spec": "/pa/terrain/mountain/brushes/mountain_metal_t1_pit_2_ramp.json",
                    "proj": "BP_Bend",
                    "transform": [
                        0.4036247730255127,
                        -0.757741391658783,
                        -0.51275235414505,
                        -205.39712524414062,
                        -0.757741391658783,
                        0.03723025321960449,
                        -0.6514919996261597,
                        -260.9731140136719,
                        0.51275235414505,
                        0.6514919996261597,
                        -0.5591449737548828,
                        -223.98097229003906
                    ],
                    "op": "BO_Subtract",
                    "rotation": 0,
                    "scale": [
                        1,
                        1,
                        1
                    ],
                    "height": 400.57763671875,
                    "position": [
                        -205.39715576171875,
                        -260.97314453125,
                        -223.98095703125
                    ],
                    "weightHard": false,
                    "weightScale": [
                        1,
                        1,
                        1
                    ],
                    "mirrored": false,
                    "twinId": 0,
                    "flooded": false,
                    "pathable": true,
                    "mergeable": false,
                    "no_features": true
                },
                {
                    "weight": [
                        0,
                        0,
                        0,
                        0
                    ],
                    "spec": "/pa/terrain/mountain/brushes/mountain_metal_t1_pit_2_ramp.json",
                    "proj": "BP_Bend",
                    "transform": [
                        0.4036247730255127,
                        -0.757741391658783,
                        -0.51275235414505,
                        -205.39712524414062,
                        -0.757741391658783,
                        0.03723025321960449,
                        -0.6514919996261597,
                        -260.9731140136719,
                        -0.51275235414505,
                        -0.6514919996261597,
                        0.5591449737548828,
                        223.98097229003906
                    ],
                    "op": "BO_Subtract",
                    "rotation": 0,
                    "scale": [
                        1,
                        1,
                        1
                    ],
                    "height": 400.57763671875,
                    "position": [
                        -205.39715576171875,
                        -260.97314453125,
                        -223.98095703125
                    ],
                    "weightHard": false,
                    "weightScale": [
                        1,
                        1,
                        1
                    ],
                    "mirrored": true,
                    "twinId": 0,
                    "flooded": false,
                    "pathable": true,
                    "mergeable": false,
                    "no_features": true
                },
                {
                    "weight": [
                        0,
                        0,
                        0,
                        0
                    ],
                    "spec": "/pa/terrain/mountain/brushes/mountain_metal_t2_medium_4_ramp.json",
                    "proj": "BP_Bend",
                    "transform": [
                        1.0158531665802002,
                        -0.0014157965779304504,
                        -0.09187068045139313,
                        -35.99037170410156,
                        -0.09188136458396912,
                        -0.01339559443295002,
                        -1.015764832496643,
                        -397.92626953125,
                        0.00020338594913482666,
                        1.0199109315872192,
                        -0.01346866600215435,
                        -5.276354789733887
                    ],
                    "op": "BO_Add",
                    "rotation": -0.08999998867511749,
                    "scale": [
                        1.0199999809265137,
                        1.0199999809265137,
                        1.0199999809265137
                    ],
                    "height": 399.5853576660156,
                    "position": [
                        -35.99037170410156,
                        -397.92626953125,
                        -5.2763671875
                    ],
                    "weightHard": false,
                    "weightScale": [
                        1,
                        1,
                        1
                    ],
                    "mirrored": false,
                    "twinId": 0,
                    "flooded": false,
                    "pathable": true,
                    "mergeable": false,
                    "no_features": true
                },
                {
                    "weight": [
                        0,
                        0,
                        0,
                        0
                    ],
                    "spec": "/pa/terrain/mountain/brushes/mountain_metal_t2_medium_4_ramp.json",
                    "proj": "BP_Bend",
                    "transform": [
                        1.0158531665802002,
                        -0.0014157965779304504,
                        -0.09187068045139313,
                        -35.99037170410156,
                        -0.09188136458396912,
                        -0.01339559443295002,
                        -1.015764832496643,
                        -397.92626953125,
                        -0.00020338594913482666,
                        -1.0199109315872192,
                        0.01346866600215435,
                        5.276354789733887
                    ],
                    "op": "BO_Add",
                    "rotation": -0.08999998867511749,
                    "scale": [
                        1.0199999809265137,
                        1.0199999809265137,
                        1.0199999809265137
                    ],
                    "height": 399.5853576660156,
                    "position": [
                        -35.99037170410156,
                        -397.92626953125,
                        -5.2763671875
                    ],
                    "weightHard": false,
                    "weightScale": [
                        1,
                        1,
                        1
                    ],
                    "mirrored": true,
                    "twinId": 0,
                    "flooded": false,
                    "pathable": true,
                    "mergeable": false,
                    "no_features": true
                },
                {
                    "weight": [
                        0,
                        0,
                        0,
                        0
                    ],
                    "spec": "/pa/terrain/mountain/brushes/mountain_metal_t2_medium_wide_ramp.json",
                    "proj": "BP_Bend",
                    "transform": [
                        0.9998812079429626,
                        -0.0003013736568391323,
                        -0.01541092898696661,
                        -6.154784679412842,
                        -0.0003013736568391323,
                        0.9992354512214661,
                        -0.03909439966082573,
                        -15.61344051361084,
                        0.01541092898696661,
                        0.03909439966082573,
                        0.9991166591644287,
                        399.025146484375
                    ],
                    "op": "BO_Add",
                    "rotation": 0,
                    "scale": [
                        1,
                        1,
                        1
                    ],
                    "height": 399.3779296875,
                    "position": [
                        -6.15478515625,
                        -15.613441467285156,
                        399.025146484375
                    ],
                    "weightHard": false,
                    "weightScale": [
                        1,
                        1,
                        1
                    ],
                    "mirrored": false,
                    "twinId": 0,
                    "flooded": false,
                    "pathable": true,
                    "mergeable": false,
                    "no_features": true
                },
                {
                    "weight": [
                        0,
                        0,
                        0,
                        0
                    ],
                    "spec": "/pa/terrain/mountain/brushes/mountain_metal_t2_medium_wide_ramp.json",
                    "proj": "BP_Bend",
                    "transform": [
                        0.9998812079429626,
                        -0.0003013736568391323,
                        -0.01541092898696661,
                        -6.154784679412842,
                        -0.0003013736568391323,
                        0.9992354512214661,
                        -0.03909439966082573,
                        -15.61344051361084,
                        -0.01541092898696661,
                        -0.03909439966082573,
                        -0.9991166591644287,
                        -399.025146484375
                    ],
                    "op": "BO_Add",
                    "rotation": 0,
                    "scale": [
                        1,
                        1,
                        1
                    ],
                    "height": 399.3779296875,
                    "position": [
                        -6.15478515625,
                        -15.613441467285156,
                        399.025146484375
                    ],
                    "weightHard": false,
                    "weightScale": [
                        1,
                        1,
                        1
                    ],
                    "mirrored": true,
                    "twinId": 0,
                    "flooded": false,
                    "pathable": true,
                    "mergeable": false,
                    "no_features": true
                },
                {
                    "weight": [
                        0,
                        0,
                        0,
                        0
                    ],
                    "spec": "/pa/terrain/mountain/brushes/mountain_metal_t2_medium_wide_ramp.json",
                    "proj": "BP_Bend",
                    "transform": [
                        0.0013353228569030762,
                        -0.04707873612642288,
                        -0.9988902807235718,
                        -399.5398864746094,
                        -0.04707873612642288,
                        0.9977806210517883,
                        -0.04708936810493469,
                        -18.83498191833496,
                        0.9988902807235718,
                        0.04708936810493469,
                        -0.0008840560913085938,
                        -0.35360807180404663
                    ],
                    "op": "BO_Add",
                    "rotation": 0,
                    "scale": [
                        1,
                        1,
                        1
                    ],
                    "height": 399.9837646484375,
                    "position": [
                        -399.5399169921875,
                        -18.834983825683594,
                        -0.35357666015625
                    ],
                    "weightHard": false,
                    "weightScale": [
                        1,
                        1,
                        1
                    ],
                    "mirrored": false,
                    "twinId": 0,
                    "flooded": false,
                    "pathable": true,
                    "mergeable": false,
                    "no_features": true
                },
                {
                    "weight": [
                        0,
                        0,
                        0,
                        0
                    ],
                    "spec": "/pa/terrain/mountain/brushes/mountain_metal_t2_medium_wide_ramp.json",
                    "proj": "BP_Bend",
                    "transform": [
                        0.0013353228569030762,
                        -0.04707873612642288,
                        -0.9988902807235718,
                        -399.5398864746094,
                        -0.04707873612642288,
                        0.9977806210517883,
                        -0.04708936810493469,
                        -18.83498191833496,
                        -0.9988902807235718,
                        -0.04708936810493469,
                        0.0008840560913085938,
                        0.35360807180404663
                    ],
                    "op": "BO_Add",
                    "rotation": 0,
                    "scale": [
                        1,
                        1,
                        1
                    ],
                    "height": 399.9837646484375,
                    "position": [
                        -399.5399169921875,
                        -18.834983825683594,
                        -0.35357666015625
                    ],
                    "weightHard": false,
                    "weightScale": [
                        1,
                        1,
                        1
                    ],
                    "mirrored": true,
                    "twinId": 0,
                    "flooded": false,
                    "pathable": true,
                    "mergeable": false,
                    "no_features": true
                },
                {
                    "weight": [
                        0,
                        0,
                        0,
                        0
                    ],
                    "spec": "/pa/terrain/mountain/brushes/mountain_metal_t2_medium_wide_ramp.json",
                    "proj": "BP_Bend",
                    "transform": [
                        -0.025731345638632774,
                        0.08402013778686523,
                        0.9961318969726562,
                        400.91363525390625,
                        0.0061960890889167786,
                        0.9964559674263,
                        -0.08388743549585342,
                        -33.762210845947266,
                        -0.9996498823165894,
                        0.004013575613498688,
                        -0.026160717010498047,
                        -10.528915405273438
                    ],
                    "op": "BO_Add",
                    "rotation": -0.07999999076128006,
                    "scale": [
                        1,
                        1,
                        1
                    ],
                    "height": 402.4704284667969,
                    "position": [
                        400.91357421875,
                        -33.76220703125,
                        -10.528915405273438
                    ],
                    "weightHard": false,
                    "weightScale": [
                        1,
                        1,
                        1
                    ],
                    "mirrored": false,
                    "twinId": 0,
                    "flooded": false,
                    "pathable": true,
                    "mergeable": false,
                    "no_features": true
                },
                {
                    "weight": [
                        0,
                        0,
                        0,
                        0
                    ],
                    "spec": "/pa/terrain/mountain/brushes/mountain_metal_t2_medium_wide_ramp.json",
                    "proj": "BP_Bend",
                    "transform": [
                        -0.025731345638632774,
                        0.08402013778686523,
                        0.9961318969726562,
                        400.91363525390625,
                        0.0061960890889167786,
                        0.9964559674263,
                        -0.08388743549585342,
                        -33.762210845947266,
                        0.9996498823165894,
                        -0.004013575613498688,
                        0.026160717010498047,
                        10.528915405273438
                    ],
                    "op": "BO_Add",
                    "rotation": -0.07999999076128006,
                    "scale": [
                        1,
                        1,
                        1
                    ],
                    "height": 402.4704284667969,
                    "position": [
                        400.91357421875,
                        -33.76220703125,
                        -10.528915405273438
                    ],
                    "weightHard": false,
                    "weightScale": [
                        1,
                        1,
                        1
                    ],
                    "mirrored": true,
                    "twinId": 0,
                    "flooded": false,
                    "pathable": true,
                    "mergeable": false,
                    "no_features": true
                }
            ],
            "metal_spots": [
                [
                    -106.93389892578125,
                    -401.8260498046875,
                    60.290321350097656
                ],
                [
                    -106.93389892578125,
                    -401.8260498046875,
                    -60.290321350097656
                ],
                [
                    28.006942749023438,
                    -415.08746337890625,
                    63.38892364501953
                ],
                [
                    28.006942749023438,
                    -415.08746337890625,
                    -63.38892364501953
                ],
                [
                    81.4493408203125,
                    406.44793701171875,
                    66.9837646484375
                ],
                [
                    81.4493408203125,
                    406.44793701171875,
                    -66.9837646484375
                ],
                [
                    -54.6397705078125,
                    409.750244140625,
                    69.03257751464844
                ],
                [
                    -54.6397705078125,
                    409.750244140625,
                    -69.03257751464844
                ],
                [
                    180.361328125,
                    357.489990234375,
                    23.593143463134766
                ],
                [
                    180.361328125,
                    357.489990234375,
                    -23.593143463134766
                ],
                [
                    -177.38455200195312,
                    356.3746337890625,
                    30.874385833740234
                ],
                [
                    -177.38455200195312,
                    356.3746337890625,
                    -30.874385833740234
                ],
                [
                    26.919662475585938,
                    353.552001953125,
                    184.04513549804688
                ],
                [
                    26.919662475585938,
                    353.552001953125,
                    -184.04513549804688
                ],
                [
                    -23.4686279296875,
                    355.0311279296875,
                    181.4952392578125
                ],
                [
                    -23.4686279296875,
                    355.0311279296875,
                    -181.4952392578125
                ],
                [
                    6.909797668457031,
                    -355.6990966796875,
                    -181.85269165039062
                ],
                [
                    6.909797668457031,
                    -355.6990966796875,
                    181.85269165039062
                ],
                [
                    -59.791358947753906,
                    -349.471435546875,
                    -183.62469482421875
                ],
                [
                    -59.791358947753906,
                    -349.471435546875,
                    183.62469482421875
                ],
                [
                    -221.05038452148438,
                    -328.5526123046875,
                    40.62733459472656
                ],
                [
                    -221.05038452148438,
                    -328.5526123046875,
                    -40.62733459472656
                ],
                [
                    149.274658203125,
                    -369.1556396484375,
                    41.375
                ],
                [
                    149.274658203125,
                    -369.1556396484375,
                    -41.375
                ],
                [
                    -41.760013580322266,
                    -286.64361572265625,
                    274.507080078125
                ],
                [
                    -41.760013580322266,
                    -286.64361572265625,
                    -274.507080078125
                ],
                [
                    26.031526565551758,
                    -288.83148193359375,
                    275.551025390625
                ],
                [
                    26.031526565551758,
                    -288.83148193359375,
                    -275.551025390625
                ],
                [
                    -8.88763427734375,
                    -257.748779296875,
                    305.8435363769531
                ],
                [
                    -8.88763427734375,
                    -257.748779296875,
                    -305.8435363769531
                ],
                [
                    260.58135986328125,
                    -302.93133544921875,
                    22.26714324951172
                ],
                [
                    260.58135986328125,
                    -302.93133544921875,
                    -22.26714324951172
                ],
                [
                    -287.60809326171875,
                    -273.8388671875,
                    24.616336822509766
                ],
                [
                    -287.60809326171875,
                    -273.8388671875,
                    -24.616336822509766
                ],
                [
                    -414.33734130859375,
                    -23.165130615234375,
                    63.42964553833008
                ],
                [
                    -414.33734130859375,
                    -23.165130615234375,
                    -63.42964553833008
                ],
                [
                    -398.74853515625,
                    -15.47607421875,
                    23.20551300048828
                ],
                [
                    -398.74853515625,
                    -15.47607421875,
                    -23.20551300048828
                ],
                [
                    -63.868499755859375,
                    -17.99005126953125,
                    414.02972412109375
                ],
                [
                    -63.868499755859375,
                    -17.99005126953125,
                    -414.02972412109375
                ],
                [
                    61.328460693359375,
                    -12.75262451171875,
                    415.9661865234375
                ],
                [
                    61.328460693359375,
